 1.55467
 1.26985
 1.67296
 2.31361
 1.47739
 1.46353
  2.0096
 1.28984
 1.21407
 1.27632
 1.14835
 1.55099
 2.63289
 1.96181
 6.61195
 1.71078
  1.8022
 1.88039
 1.53846
 1.24066
 3.50372
 1.34023
 1.87971
 1.96978
 1.70226
 2.06548
 2.30574
 1.54455
 2.13314
 1.21602
 2.52374
 1.52176
 1.20465
 8.11374
  1.4559
 1.34771
 1.56253
 2.87038
 7.43593
 3.60547
 2.51707
 3.10759
 2.10255
 2.20063
 1.66899
 1.73851
 2.59168
 2.40195
 3.24804
  1.8187
 1.69798
 1.70304
 2.11087
 2.37467
  2.1537
 2.33865
 2.59513
 4.98379
 1.54255
 1.49666
  1.4991
 1.22803
 1.44009
 1.75057
 1.39844
 3.05222
   2.195
 3.01779
  1.9753
  1.7868
 1.39578
 1.89376
 1.84272
 1.95223
 1.20555
 1.24297
 17.4398
 2.06769
 1.66413
 2.30697
 1.98186
 2.09747
 1.71367
 2.38899
 7.15972
 3.93886
 1.26234
 1.43395
 1.02806
 1.19863
 2.89306
  1.3675
 1.24998
 1.91909
 1.38176
 2.60806
 1.22866
 1.35771
 2.20703
 1.97018
 1.42474
 1.88579
 1.44264
 1.27699
 2.53729
 3.75882
  1.7328
 1.47149
 1.80961
  1.2401
 1.98784
  3.7187
 1.30211
 3.77146
 1.03416
 1.22069
 1.63351
 1.39852
 1.43483
 1.75905
 1.59089
 2.07684
 2.12935
 3.28209
 5.44829
 1.41455
 1.42931
  4.4017
  1.1499
 1.01834
 1.26484
 1.22813
 2.31959
 2.16547
 2.54201
 2.77641
 1.68325
 2.07326
 1.83313
 1.36532
 1.54625
 1.86061
 2.03583
 7.79469
 1.51312
 2.07036
 2.26407
 2.09217
 1.83575
 2.04336
 1.82441
 1.34075
 1.97637
 2.20096
  5.2615
 1.97314
 1.18561
 1.52947
 5.68738
  1.5269
 2.49644
 1.68544
 1.71552
 2.26181
 2.10233
 1.65207
 1.51594
 1.98652
 1.33584
  2.1698
 2.69152
 4.82361
 2.44797
 1.57749
  1.3345
 1.31824
 2.08053
 1.28581
 1.33304
 1.77452
 1.57267
 1.37749
 2.34651
 2.35402
 1.68132
 2.58685
 1.33953
 1.31881
 2.69986
 2.24155
  2.0592
 1.56695
 1.39884
 1.64435
 2.73751
 1.14308
 3.10226
  1.2466
 1.56214
 1.29288
 1.52064
 1.96736
 1.47426
 1.45934
 1.32189
 1.15687
  2.4422
 1.80858
 1.18558
 1.21761
 1.72753
 1.35594
 2.64385
 1.15498
 1.39961
 1.51251
 2.41319
 4.09807
 1.48503
 1.30334
 1.55203
 1.27555
  1.5846
 2.21471
 1.77639
  1.9882
 1.62107
 1.39441
 1.69386
 1.33659
 4.73134
  1.4573
 1.84634
   1.662
 1.13948
 1.39685
 1.56373
 2.73929
 2.15466
 2.52928
 1.66194
 3.55713
 1.23219
 1.49238
 1.16945
 3.90026
 1.72501
 1.82656
 2.21027
 2.11669
 1.19167
 1.02377
 3.48939
 3.34783
 1.29445
  1.2155
 1.87759
 1.13093
 2.15835
 1.77737
 2.32444
 1.73152
  1.6818
 1.70088
 2.21953
 1.52057
 4.44086
 1.20385
 1.55379
 1.08615
 2.14049
 1.08766
 20.2892
 2.21023
 2.53711
 1.21213
 1.22941
 1.09935
 1.65062
 1.06613
 1.74649
 1.80018
 2.99125
 5.10317
 2.31363
 2.11681
 1.44559
 1.85656
 4.93568
 1.64288
 1.42568
 11.6305
 2.21596
 1.45231
 1.38959
 1.66828
 2.49036
 1.39792
  2.4185
 1.33137
  1.2044
 1.54297
 1.62138
  2.3742
 23.6893
 1.10952
 2.20535
 2.65937
 1.66689
 1.31233
 1.47514
 2.03202
 1.31273
  2.6504
 1.77236
 1.22218
  1.8885
 2.36198
 1.63067
  2.4219
 5.58548
  1.3833
 1.63175
 1.55799
 1.02779
 1.38446
  1.7346
  1.3535
  1.4435
   1.509
 2.19301
  1.3879
  2.6093
 2.43672
 1.82159
 1.39272
 3.24466
 2.09257
 1.46681
 2.02281
 1.89649
  1.3762
 1.96855
 1.68925
   2.288
 1.70845
 1.71784
 1.97336
 1.41839
 2.16647
 1.43425
 1.93075
 1.44548
 1.38779
 1.94457
 1.53784
 1.82033
 1.50115
 3.05558
 3.76821
 3.12343
 4.62756
 1.47987
 1.82932
 2.08016
 2.33896
 1.84752
 1.99542
 1.77643
 1.22029
 3.55467
  1.7871
 1.82447
 1.63732
 1.86789
 1.57286
 2.21301
 1.77037
 2.48236
 1.46131
 1.38748
 2.87706
 2.26959
 1.49274
 1.58131
 1.14029
 2.10106
 1.54951
  1.5426
 3.95664
  1.9213
  1.0778
 1.77557
 3.00042
 2.09481
 1.26104
 3.50334
 2.14479
  3.0539
 2.71621
 1.64439
 1.77199
 2.09801
 1.46225
 2.55445
 1.68468
 1.53407
 1.39458
 1.36651
  2.9427
 2.19498
 3.24955
 1.37011
 1.83745
 1.45846
   1.987
 2.42495
 1.18895
 4.43571
 1.14916
 1.75267
 1.25507
 1.16056
 2.79538
 1.13251
 1.43773
 1.58848
 1.61401
 1.68283
 2.43312
 1.37728
 1.41719
 1.59496
 2.01268
 1.75139
  2.5417
 1.83227
 1.75972
 1.94533
 1.24318
    1.97
 2.11904
 1.52675
 2.08206
 1.49252
 1.81619
  1.3649
 1.37312
 2.44016
 1.28954
 2.21119
 1.41189
 1.75002
 4.25086
 1.39023
 1.35404
 1.64421
 1.60772
 1.52743
 1.14596
 1.32255
 1.24121
 1.61126
 1.50594
 1.13862
 1.51609
 1.27125
 2.76557
 1.40391
 1.12391
 1.05288
 3.26451
 1.78504
 2.01517
 1.90588
 2.63951
 1.02989
 1.42931
 1.76022
 1.73058
 1.82414
 2.03137
 2.43493
 1.73446
 2.82382
 2.80516
  2.1675
 1.67367
 1.28852
 1.93736
 2.34509
 1.80394
 3.30209
 2.80897
 1.51282
 2.18998
 3.36726
 1.50313
 1.83224
 2.01972
 2.95146
 1.29561
 3.34126
 2.47425
 1.57329
 1.85511
 2.40351
 1.03264
 1.26612
 1.09991
 13.8621
 2.33792
 2.04649
 1.52255
 2.69183
 8.91167
0.985624
 1.14759
 2.80899
 1.83241
 2.00748
 1.25741
  1.6267
 1.37101
 0.97347
 1.97241
 1.27994
 2.27941
 2.13825
  1.0857
 1.36998
 2.77736
 1.46323
 6.16274
 2.34638
   1.172
 1.38359
 1.25019
 2.08384
 1.23104
 2.89036
 1.19884
 1.85217
 1.37479
  1.6819
  2.7237
 4.72776
 1.87459
 1.68023
 2.90484
 1.26644
  1.3569
 1.50861
 1.57526
 2.05904
 3.15859
 1.27261
 4.49467
 6.32014
 1.45986
 2.32109
 2.63755
 1.31199
 5.81063
  1.7102
  1.1993
 2.26341
 2.40383
 1.87119
 4.51791
 1.35029
 1.72371
 3.10375
 1.11442
 23.9884
  2.2127
 1.49419
 2.14744
 1.25379
 1.39309
 1.69484
 1.30415
 1.41613
 1.09815
 1.98364
 1.27852
 2.89686
   6.459
  2.2651
 1.24191
 3.72995
 1.38383
 1.16227
 2.02916
 1.86553
 1.32141
 1.35171
 1.25709
 1.51996
 3.00432
  3.3695
  2.3187
 1.07379
 1.97052
 1.82773
 2.45625
 2.19333
 1.66092
 2.59345
 1.77304
 1.94156
 1.10053
 1.66493
 1.86562
 1.62003
 1.16075
 4.82212
 1.37601
 1.23706
 1.74577
 1.58831
 2.44859
  1.4271
 1.11791
 1.64371
  1.3897
  1.8962
 1.30137
 1.54199
 1.94827
 3.03845
 1.84615
 1.94482
 1.64631
 1.42711
 1.79239
 1.09155
 1.63765
 1.88306
  1.9918
 1.91952
 1.86011
   1.387
 1.69203
 4.52745
 1.31856
  1.4278
 1.08369
 2.15822
 1.15822
 1.70204
 1.99534
 1.51197
 1.42287
 2.80939
 2.25531
 1.50481
 1.50766
 1.69299
 2.02048
 1.33445
 1.82909
 2.49269
 1.74693
 1.60795
 1.43875
 2.48092
 4.81534
 1.31405
 1.75018
 2.77566
  1.6917
 1.14304
 1.74776
 1.63538
 1.28838
 2.40391
   1.869
 1.37292
 1.74708
 2.22552
 3.72306
 1.54434
  1.6015
  1.7348
 1.36635
  1.0558
 1.89003
 1.28176
 4.40567
 3.08192
 1.90564
 1.29056
 1.38777
 1.30203
 1.48314
 1.56292
  1.1482
 1.50993
 1.51982
 1.65891
 1.44965
 1.55792
  1.2429
 3.49892
  1.7045
 2.29419
  1.2462
 3.48258
 1.76245
 1.28769
 1.67378
 1.56848
  1.6886
 4.89597
 1.49284
 2.27617
 2.36686
 1.38474
 4.79898
 3.86672
 1.75426
 1.69027
 1.17944
 1.34035
 1.61046
 2.42406
 1.10585
 1.18157
  2.3182
 1.44362
 2.79788
  1.3022
 1.60497
 1.39286
 2.26002
 2.09868
  2.5861
 1.10463
 1.40179
 1.35747
 1.51232
 2.86334
  1.4367
 2.36158
 2.33336
 2.04052
 1.73531
  1.2358
 1.92567
 2.29665
 4.08439
  1.5179
 1.61177
 2.08686
 3.00923
 2.99053
 1.78957
 2.25643
  1.7868
 1.35572
 1.60992
 1.49008
 1.70799
 1.51823
  2.0033
 1.79715
 2.36966
 2.32539
 1.60685
 1.85699
 2.87233
 2.00356
 1.17597
 3.36438
 1.33418
 1.46562
 1.42985
 2.34504
 2.36967
 1.93369
 3.50766
 1.33914
 1.96783
 1.67511
 2.94891
 1.83251
 2.25564
 2.03059
  1.8732
  2.0812
 3.82754
  2.9377
 1.61094
 1.11745
 3.33007
 1.57186
 1.89508
 1.93607
 2.35956
 1.74399
 1.48444
 1.77005
 11.1745
 1.91565
 1.75809
 2.71923
 1.31544
 2.54599
 3.48311
 1.36656
 1.68121
  1.3817
 2.81128
 1.96536
 1.50479
 3.30214
 1.35185
 1.89145
 1.07833
 1.63617
 1.86902
 1.88507
 1.19815
 1.12607
 1.86784
 2.16586
 4.43937
  2.5493
 1.36893
 1.70965
 1.52595
 1.41386
 1.40865
 1.19795
 1.91803
 1.31118
 2.21504
 3.75785
 2.74632
 1.60508
 1.22325
 1.37312
  1.4621
 1.16544
 1.58727
 1.65831
 1.28494
 1.36705
  1.8117
 24.4485
 1.47056
 1.85552
 1.30734
 1.86573
 1.69679
 2.80219
  2.2408
 1.50766
  1.2194
  2.0527
 4.93734
 2.57134
 1.29909
 2.38178
 1.35702
 2.10877
 1.25369
 1.48226
  1.0925
  1.6804
 1.15163
 1.78712
 1.60238
 1.24074
 1.57419
 1.40023
 1.48241
 1.44906
 2.31942
 1.27359
 1.71548
 1.07887
 1.62072
 1.51678
 1.15433
 2.16642
 1.31497
 1.80668
 4.36962
 1.98905
 2.15575
 2.71765
 1.88266
 2.17818
 1.59262
 1.19581
 1.96742
 2.21624
 1.58164
 1.19577
  2.9167
 1.19974
 1.56852
 1.49158
 1.10917
 2.55121
 1.44972
 1.74695
 1.90834
 1.72994
 1.54011
 1.03617
 2.43424
 1.97238
 1.17405
 2.04691
 2.93333
 1.97921
 2.13641
 1.74088
 1.12795
 1.14179
 1.78169
 2.92028
 1.06008
 2.89355
  4.0882
 1.05362
 2.19639
 1.46189
 1.35156
 1.15069
 2.17971
 2.36353
 1.39378
  1.8777
  2.7653
 1.14336
 1.09461
 2.19954
 2.06343
 1.63852
 1.40627
 3.34868
 1.61908
 1.26948
 2.85558
 2.42427
 1.23362
 4.68459
 2.12034
 3.60379
 2.32446
 2.25369
 1.21084
 1.50099
 1.32053
  1.2409
 1.93499
 1.17346
 1.30254
 2.94667
 1.89516
 2.07154
   1.466
 1.51905
 1.06958
 1.28868
 1.43551
 1.22874
 2.00975
 1.74198
 1.68549
 1.73415
 2.10918
 1.25678
 1.25434
 1.58719
 4.95575
 1.59031
 2.18542
 1.34769
 1.36215
 2.94044
 1.52539
 1.83742
 1.58528
 1.20067
 2.31012
 1.98822
 5.72268
 1.60806
 1.15219
 1.51622
 2.54775
 1.85172
 1.68039
 1.54103
 1.95891
   1.638
  1.9896
 2.26145
  1.0799
 1.23235
 1.75266
 2.97999
 1.82486
 2.24275
  1.4592
 1.26312
 1.47004
  1.3075
 1.18886
 1.09923
  8.3011
  1.3722
 1.70585
 1.50637
 2.00494
 1.72183
 2.30911
 1.98215
 2.06942
  5.9177
 1.82048
  1.4205
  1.5207
 6.24797
 1.84659
 2.18036
 1.37011
  2.1243
 2.18659
 1.38038
 2.94409
 1.22587
 1.21777
 1.74049
 1.75643
 1.12246
 1.69973
 1.53334
 1.24932
 1.40728
 3.38344
 4.43166
 1.40328
  5.1703
 4.62587
  1.5968
 1.72824
 2.36256
 1.11566
 3.18013
 1.63378
 7.00347
 2.18721
 2.80461
 1.85109
 4.28613
 1.25853
 1.88205
 2.18118
 3.04994
 1.39442
 2.24865
 2.27066
 2.19249
  2.8745
 1.52648
 2.53416
 8.02046
 2.42448
 1.39152
 1.43716
 1.56963
 6.55012
 2.18852
 2.82444
 1.14569
 2.96039
 2.88076
 1.80217
 2.23251
 4.16632
  4.0646
 2.31627
 1.41809
 1.56122
   1.862
 1.14631
 1.13657
 2.00341
 1.22198
 2.38692
   1.239
 1.86031
 1.20624
 1.97131
 1.16607
 1.47098
 3.50776
 2.43125
 1.67239
 1.49029
 1.18716
 1.66937
 1.67486
 1.55371
 1.22222
 1.34993
 2.29616
 1.93244
 1.19006
 1.50453
 6.83901
 1.62634
 2.29426
 1.76429
 2.44387
 1.43944
 1.44996
 2.04285
 2.11619
 3.65373
 1.26198
 1.27774
 1.93135
 2.04329
   1.966
 1.74522
 5.06139
 1.82154
 1.97962
 1.32292
 2.96215
  1.3795
 4.46709
 2.02412
 1.23227
  1.6505
 1.30528
 4.19657
 2.21181
 2.46649
 1.88614
 1.60552
  3.6021
 1.12077
 1.28177
 3.95505
 1.89184
 1.71989
 1.43696
 1.87777
  1.4749
 1.85134
 1.67133
 1.21945
 1.57128
 1.05029
 1.61447
 2.91329
 11.7304
 1.55806
 2.20406
   1.702
 1.66833
 3.19946
 1.30695
 1.39469
 1.70403
 10.4503
 1.61891
 1.47233
 3.14864
 1.52414
 1.81971
 1.14915
 9.68562
 1.21599
 1.22787
 2.32251
 2.40402
 3.50126
0.977354
 1.21355
 16.3739
 1.22883
 9.19178
 1.65434
 1.61704
 2.30093
 2.39098
 1.85833
 1.27808
 1.33268
 1.88578
 1.28888
 1.82398
 2.02423
 3.85613
 1.61434
 1.21615
 1.91141
 2.40662
 1.57566
 1.74989
 1.62559
 1.49714
 2.04064
  2.2401
  1.7235
 1.19135
 3.92326
  1.2852
 14.2698
 1.70266
 1.19341
 3.30812
 1.18781
 13.0104
0.999326
 1.30854
 2.45376
  3.6404
  1.4261
 1.30441
 2.98159
 1.36532
 2.86188
 1.11947
 2.71124
 1.63264
 3.02949
 2.06524
 1.52384
 1.54794
 1.35027
 1.24516
 2.26096
 3.23478
 1.83235
  1.5703
 1.36204
 1.45515
 1.56075
 4.81354
 1.26388
 1.55857
 1.20062
 1.16191
 3.16058
 2.24559
 1.20486
 1.92482
 1.27629
 1.97481
 1.84233
 1.66949
 1.68336
 2.23035
 1.91676
 1.17789
 2.11891
 1.41394
 1.70208
 1.44177
 1.75336
 1.25542
 1.10372
 4.88762
 2.77874
 1.23053
 2.82574
 1.46936
 5.46146
 1.63296
  1.3097
 1.27303
 1.85258
 2.37716
 1.27967
 1.32448
 1.71043
 1.35992
 5.17401
 1.03147
 1.14155
 6.51473
 1.78789
 1.22144
 1.75949
   1.082
 1.56645
 1.91184
  2.2371
 2.78067
 2.09683
  3.6042
 1.92336
 1.43308
 1.22911
 1.45408
 2.08669
 1.79401
 1.85876
 13.9905
 1.84577
 1.15868
 1.38059
 1.45212
 3.36817
 1.28306
 2.18598
 1.96105
 1.91877
 2.70095
 4.37055
 1.15129
 2.18233
  2.1639
 1.51893
 1.84072
 7.40132
 1.26283
 1.96309
 1.37551
 1.55605
 1.98222
 2.84853
 1.29587
 1.39915
 2.34236
 1.63768
 1.41977
 2.94468
 1.48548
 1.36345
 1.26069
 2.37064
 1.15336
 3.43653
 4.16476
 1.34482
 1.56995
 1.06075
 1.24833
 3.26683
  2.5698
 1.17004
 22.7649
 2.70723
 1.80682
 1.45238
 1.62272
 2.98657
 2.71266
   1.656
 1.21962
 2.70955
 4.05678
 2.32128
  1.2274
 1.51549
  1.3551
 1.58558
 2.65626
 5.58267
 1.53076
 4.07283
 2.00924
 1.54816
 1.33114
 4.09845
 1.55222
 3.18122
 1.80192
 1.62108
 1.99625
 1.54025
 6.64382
  4.3998
 1.47919
 1.90589
 1.24976
 1.36734
 1.21866
 1.52809
 1.23065
 1.14853
 2.59351
 1.12928
 2.01573
 1.68125
 1.74772
 1.55809
 2.63288
 1.36455
 1.20419
 2.09329
 1.05149
 1.43103
 1.69297
 4.64222
 1.96843
 2.94848
 2.94525
  2.4085
 1.70799
 2.24649
 1.44734
 3.14648
 1.95459
 1.41974
 1.54334
 2.07097
 1.56423
  1.5081
 3.06037
 1.34661
 1.29453
 1.98376
 2.17103
 1.32693
  1.3057
 1.45641
 1.61784
 1.33144
 3.21247
 2.24052
 1.86606
 1.53081
 1.33638
 10.3959
  1.9702
 2.30522
  1.3668
  2.4135
 1.72959
 1.95361
 2.30926
 2.81114
  1.1565
 1.42898
 1.92661
 2.88267
 1.58285
 13.6275
 1.20264
 2.03729
 1.42071
 1.93867
 1.11966
 1.94393
  1.3512
 1.90625
 1.72816
 1.04628
 5.00103
 2.00469
 1.42278
 1.89812
 2.07262
 1.29356
 1.46214
 1.40381
 1.38368
 2.48501
 3.55005
 4.18584
 1.50366
 2.85014
 2.22774
 2.45963
  1.1416
 1.24966
 1.61758
 4.42526
 1.37915
 1.59325
 1.69757
 4.23841
 3.42894
 2.33339
   1.261
 9.17658
 1.74716
 2.50857
  3.6944
 2.15675
 2.43892
 1.47218
 2.23674
 2.96767
  3.4683
 1.74679
 1.57481
 1.73923
  1.1868
  1.2605
 2.24748
 3.15631
 2.23466
  1.3387
 1.49176
 2.99179
 1.71417
  5.0941
 2.27391
0.993102
 2.12078
  1.8355
 3.56719
 1.25104
 1.83305
   1.631
 1.39248
 1.38597
  1.6824
 2.81305
 1.30325
  2.0436
 1.42493
 1.81424
 1.51931
 1.79336
 1.93081
 1.56205
 1.54045
 3.74424
 1.81015
    1.82
 1.36344
 1.54609
 2.62353
 2.08917
   1.347
 2.57028
 3.01249
 2.31726
 1.83968
 1.73178
 1.63037
 2.02965
 3.93436
  1.1398
 1.28544
 2.09925
  1.6116
  2.6312
 1.29877
 1.70642
 5.89519
  3.1032
 1.12018
 1.12972
 2.91296
  1.7918
 1.36121
 1.49377
 6.89361
 1.21519
 8.95994
 1.77011
 1.42867
 1.84936
 1.79959
 2.08608
 2.38502
 4.04113
 3.32699
 2.95743
 2.38833
 2.35456
 1.95178
 2.17251
 1.97704
 2.05335
 1.25148
 1.68083
 2.95698
 4.93046
 1.23547
 1.42562
   3.186
 2.12567
 2.00477
 1.93738
 1.07583
  1.4368
 1.37146
 1.60747
 1.25001
 2.82458
  2.6946
 1.43815
 1.52336
 1.77689
 1.52812
 1.64794
  1.4324
 11.0576
 1.57536
 1.42774
 2.00518
 1.82303
  1.4976
 1.68696
 1.91849
 3.18342
 1.81525
 2.07415
 1.64134
 1.23622
 3.16605
 1.96146
 2.33878
 1.16858
 1.33988
 1.53263
 1.09093
  25.446
 2.20073
 1.34981
 1.26445
  1.1336
 1.55456
 2.11427
  2.4352
  1.7059
 1.63359
 1.87709
  3.8594
 1.42858
 1.68546
 1.43054
 2.96719
 1.60086
 2.12193
 1.37544
  1.7591
 3.59464
 11.0964
 1.68373
 1.28213
 1.50411
 1.13558
 1.63122
 7.37381
 5.81799
 1.24783
 1.50512
 2.33753
  1.6361
 1.15373
 1.59918
 1.50851
 1.43129
 1.48066
  1.5205
 1.93194
 2.29786
 1.77368
 3.75442
 1.61361
 1.21638
 1.69126
 3.71708
 1.36989
  1.3145
 1.41906
 1.67365
 1.30696
 1.93579
 1.44878
 1.48742
 1.56849
 1.12669
 1.26755
 1.66013
 1.36847
 1.75362
 1.15327
  1.5635
 1.32642
 1.36346
 2.44592
 1.91428
 2.42299
 1.20346
 2.44949
 2.02371
 2.42014
 6.13578
 3.15032
 1.21999
 1.19168
  1.3857
  1.7268
 2.49763
 1.97425
 1.41548
 1.63688
 1.70112
 2.66735
 1.70312
 3.66442
 2.06996
 1.23029
 2.29249
 4.29606
 1.39728
 26.1302
 1.42883
 1.91519
 3.44069
 1.74699
 1.65654
 1.50069
 1.42381
 2.49516
 1.26241
 2.11472
 1.21349
 1.94221
  1.7249
 2.10028
 1.24081
 2.32856
 1.27422
 1.67273
 1.36328
 2.12417
  1.6794
 1.17539
 1.14757
 1.88383
 1.59955
 2.17423
 1.44766
 1.18626
 1.50871
 1.08763
 1.33677
 2.52958
 1.26465
 2.95429
 1.69704
 1.82553
 1.37761
 2.71006
 2.73203
 3.39312
 3.31874
 2.05684
 1.47618
 2.05881
 2.04797
 2.09436
  1.4616
  2.3591
 1.83968
 1.42822
 1.66773
  1.3539
 1.89899
 1.49254
 1.18823
  1.0606
 1.60902
 1.75241
 2.26535
 1.82523
 1.00109
 2.45702
  1.5699
 2.99663
 1.88486
 1.22177
 1.72375
 1.51628
 2.13316
 1.67321
 1.67577
 2.53013
 1.46793
 1.61503
 1.49097
 1.98919
 2.41373
 1.42988
 2.05419
 2.01036
 1.45741
  1.1251
 1.58084
 1.61705
 1.33459
 2.26342
 1.70528
 2.96164
  2.3182
 3.53951
 1.43494
 3.03831
 1.69369
 1.86166
 1.51178
 1.23225
 2.99224
 3.56901
 2.61702
 1.71726
   3.031
 2.74934
 1.68714
 1.58425
 2.16429
 2.68161
 1.64785
 5.72728
 1.67036
 1.25023
 1.21765
 2.60465
 2.18385
 1.99279
 3.26935
 1.08261
 1.55914
 1.13019
 1.42273
 1.91521
 1.35254
 1.09575
  2.0741
 3.12677
  1.3866
  1.8708
 1.95113
  2.7856
 2.69568
 1.84707
 1.35211
 2.32129
 1.81122
  8.0215
 2.89558
 2.47404
 1.48092
 2.45117
 1.73884
 1.19328
 1.69412
 1.60842
 1.97018
 1.43588
 1.99503
 2.83049
 2.79109
 1.21406
 2.45539
 1.54556
 1.67428
 1.88016
 1.40656
 1.23127
 1.71283
 1.24899
 2.12372
 4.08211
 1.65236
 5.01322
  1.8767
 2.24946
 3.28064
 1.89588
 2.29918
 1.34969
 2.51381
 2.31164
 1.23783
 1.69492
 1.55108
 1.93717
 1.44343
 3.34465
  4.2276
 1.23057
 1.41935
 1.72638
 1.51164
 1.26165
  1.2238
 3.26673
 1.36937
  1.6658
  1.9538
 6.00534
 2.66932
 1.40555
 1.78862
 1.98191
  4.4006
 2.01754
 2.39877
 1.87377
 1.51604
 1.74543
 1.33058
 2.04173
 3.16464
 5.10353
 3.32164
 1.90669
 1.56746
 2.95678
 2.87267
 1.50058
 2.92392
 1.06889
 3.96878
 1.28048
 1.16936
 1.45832
 1.44853
 1.58944
 2.21025
  6.3348
 3.64141
 16.0733
  1.0832
 3.08375
 1.42176
 1.31053
 1.31502
 1.61877
 1.73253
  2.4304
 2.05007
  1.5248
 1.70423
 2.94144
 1.36257
 3.92774
 1.75603
 1.54161
 1.37802
 1.89638
 3.40796
 2.45758
 2.31258
 1.90782
  1.5697
 1.37073
 2.21192
  1.5963
  1.4686
 3.27544
 1.63107
 1.13736
 1.63693
 3.04647
 2.61216
  2.3346
 1.13362
 1.65008
  1.3493
   1.435
 27.4026
 1.24656
 1.52936
 1.34162
 1.25984
 2.26628
 1.87215
  1.5984
 1.43252
 2.08043
 4.40961
 3.17343
  2.8623
  2.7146
 1.28274
 1.30597
 1.20021
  1.3538
 1.28773
 2.42472
 1.61364
 2.66938
 1.99263
 7.72987
 1.75766
 1.51894
 1.77932
 1.67087
 2.17995
 1.45908
  1.3878
 2.65834
 1.37665
 2.72276
 1.63991
 3.49005
  1.5046
 3.01465
 1.36008
 1.35178
 1.95334
 2.89117
 1.34027
 1.62979
 3.55181
 1.62444
 1.55211
 1.82957
 2.00237
 1.65662
 1.19952
 2.76681
 3.02846
 2.57129
 2.48756
 1.51998
 2.52636
 5.36913
 1.47819
 3.25901
 1.17746
 1.48203
 1.28567
 3.68725
 1.48522
 2.26262
 1.35395
 2.34019
 9.81975
 2.67058
 1.40809
 1.44631
 1.22646
 2.07659
 1.69864
 1.08716
 1.68069
 1.69647
 1.23944
 1.21738
 1.52414
 2.33311
  1.4149
 3.06813
 9.31859
 1.32711
 1.48508
 13.4103
 1.20576
 1.17186
 1.89528
 2.00434
 2.75752
 2.10718
  1.3515
 1.03799
 1.16814
 1.92039
 2.43273
 3.31603
  2.4631
 2.84971
 1.34467
 2.83198
 3.83606
 1.91934
 1.14529
  1.8447
 1.58696
 1.22758
 1.80858
 1.42953
 3.34884
 1.96268
 1.72401
 1.47904
 1.30228
 1.24702
  2.4703
 1.76131
 1.56132
 1.72205
  2.3545
 1.13947
 7.89369
 1.07783
 1.79955
 1.79208
 2.24529
 1.45449
 2.35622
 2.08043
 2.13816
 1.40739
 1.70198
 2.65477
 1.95741
 3.02263
 1.79061
 1.87151
 1.53126
 1.24859
 1.28231
 1.18123
  1.2062
 1.88727
 1.51776
 1.37056
0.987585
 1.49278
 2.42299
 3.38241
 2.30268
 1.79844
  3.1814
  2.1558
 1.22392
 1.51861
  4.6721
 1.51541
 1.17684
 1.22144
 1.39604
 9.70367
 1.22606
  1.0894
 1.27409
 1.20351
 1.99883
  4.6744
 1.31879
0.937446
  1.9937
 1.84242
  1.2284
 2.12207
 1.10237
 1.87339
 1.36556
 1.11037
 2.17411
 8.43413
  1.5375
 1.54883
 1.59565
 1.94563
 1.91449
 1.47913
 8.71011
 1.62758
 3.21382
 1.42877
 1.41146
  2.2439
 1.79215
  1.6721
 2.25159
 1.33096
 1.22975
 1.42467
 2.37177
 1.55022
  1.1329
 4.63775
  1.0858
 1.67289
 1.41943
 4.54628
  1.2755
 1.66828
 1.32512
 1.17292
 2.75358
 3.02481
 2.00307
 2.27693
 1.28459
 1.98263
 3.23971
 1.38447
  3.0346
 2.44913
 2.18087
 2.25425
 1.63845
  1.3419
 1.43899
 2.17351
 1.22661
 1.60126
 2.46861
 1.23132
 1.68953
 3.74461
 1.53956
 1.73999
 5.18907
 2.03612
 1.20233
 1.52566
  1.4886
 2.31151
 1.35539
  1.9579
 1.00413
  1.3729
 1.57354
 1.26525
  1.5021
 1.61782
 2.10351
 1.23167
 1.33112
 1.31535
 2.63141
 1.34506
 1.45152
 1.35377
 1.65541
 1.32322
 1.46282
 1.64149
 1.63476
 1.92105
 5.13448
 1.36985
 1.47233
 1.51543
 1.47747
 2.26172
 2.20434
 1.74476
 1.84846
 1.20891
  1.4089
 1.22838
 1.14119
 2.50418
  3.3366
 1.42927
 1.46985
 1.28956
 1.66696
 1.78367
 2.09793
 2.86451
   2.331
 3.86489
 1.64833
 1.51903
 1.38991
 1.71098
  1.4842
 3.26343
 2.44367
 2.54557
 1.93709
 2.49411
 2.34011
 2.56783
 1.73777
 1.13661
 2.12927
  1.7222
 2.29832
 1.75874
 2.59567
 1.69336
 1.33956
  1.6543
 1.09535
 1.75814
 2.28059
 2.57401
 1.14267
 1.74341
 1.29777
 1.61077
 2.01171
 1.68904
 1.11861
  1.5844
 1.41232
 1.51024
 2.75882
 1.71589
 1.82239
 1.37196
 1.58852
  1.2226
 1.37668
 1.22743
 1.35022
 1.52145
 1.70207
 1.18881
 1.40419
 2.60016
 1.80239
 2.71034
 4.59227
  1.9035
 1.91342
 1.60484
 2.31532
 2.05954
  2.0778
  1.0739
 1.57085
 3.34297
 9.27495
   1.283
 1.84387
 1.68939
 1.11815
 1.41751
 2.92823
 1.12327
 1.69547
 2.14396
 1.22901
 1.30806
  3.0685
 1.83109
 3.45273
 2.58639
   1.514
 1.17931
    1.97
 1.69491
 2.94222
 2.33903
 3.18658
 16.6586
  1.9294
 1.55085
 2.81282
 1.33875
 1.39814
 1.61312
  1.3259
 1.48552
 2.35994
  2.9066
 1.78698
 3.08008
 1.89959
 1.69965
 2.72999
 2.83989
 2.09074
 1.19028
 2.10904
 1.55942
 1.46437
  1.3933
 1.46619
 2.12163
 1.59886
 1.73891
 1.40388
 1.81226
 1.22404
 2.27739
 1.62337
 2.59534
 1.15795
 1.81261
 4.39647
 1.38195
 1.75932
   1.231
 1.67621
 2.12881
  2.5175
 1.51042
 2.54053
 1.19165
 1.76562
 4.80638
 1.28973
 1.41844
 1.08507
 1.27383
  2.8675
 2.24387
 1.00491
 2.35538
 3.33003
 3.60059
 2.23776
 2.01455
  1.4158
  1.6164
 5.56754
 1.87627
 9.79854
 1.52337
 2.84954
 1.89536
 1.18164
 2.19972
 1.47944
 1.82811
  1.7136
 4.81084
 2.13559
 1.48236
 1.85289
 1.70788
 3.13206
 2.02314
 3.27858
 1.74295
 1.41137
 1.72795
 1.13107
 1.37432
 1.65359
 1.72775
 2.59134
 2.04215
 2.83074
 1.35198
 1.41854
 1.42263
  4.3727
  1.1039
 1.59153
 2.19319
 4.29888
 1.22999
 2.91564
 1.82483
 4.70137
 2.91934
 1.80393
 1.62599
  1.7937
 1.67828
 1.52114
 1.66104
 2.31998
 1.57366
 1.38222
 1.72745
  3.9462
 1.40274
 2.23769
  1.7612
 1.29307
 1.76378
 1.67347
 2.18037
 0.96666
  2.3758
 1.79055
 2.24131
 2.35404
 1.97905
  1.4837
 9.44922
  1.7624
 2.70218
 2.05495
 1.57683
 1.40059
 1.30881
 2.04747
  1.5877
 1.99412
 1.93583
 1.96067
 1.64715
 2.94766
 1.77088
 1.32096
 1.83599
 1.56449
 1.05914
 1.39924
 1.47618
 1.29582
   2.508
 2.20951
 1.95833
 2.48788
  1.4885
 2.07019
 1.46109
 2.64725
 4.54278
 1.09234
 2.68263
 1.21475
 1.47978
  1.8611
 1.29492
  6.4246
 1.28989
 1.81676
 2.82475
 1.21855
 3.29639
 1.68973
 1.44054
 3.06028
 1.16953
 1.91805
 3.70511
 1.32242
 1.05449
 1.48748
  2.2773
 1.50798
 5.89392
 1.79247
 2.02776
 1.94535
 1.21769
 2.70871
 1.45303
 1.87607
 1.13962
 1.31974
  1.5211
 2.19951
  1.3205
 2.32186
 1.70413
 1.51261
 1.00503
 4.37108
  1.1911
 1.62761
 1.55584
 1.25318
 1.54394
 2.91703
 3.17029
 1.17525
 2.37644
 1.43639
 2.22508
 2.09732
 1.25466
 1.46467
 1.93146
 1.18608
 1.14139
 4.15123
 1.92668
 1.15092
 1.32574
 1.43335
 1.87518
 2.21394
 15.4205
 1.40089
 1.37077
 2.81457
  2.4719
 1.89096
  3.0052
 3.10712
 1.75469
 3.49311
  1.1538
 1.21012
 2.16637
  1.4195
 1.52968
 2.44023
 1.46761
 1.51378
 1.54144
 1.19273
 2.19206
 1.42789
 1.57324
 2.65359
 2.77005
 2.24283
 2.21908
 2.70959
 16.8636
 1.37387
 3.01715
 2.07488
 3.46351
 2.04701
 1.31968
 2.08566
 2.38851
  2.4661
 1.73231
 1.99225
  2.8541
 1.45221
 2.15845
 1.34716
 7.83834
 1.81099
 1.59628
 2.79125
 1.44249
 4.79151
 1.69756
 1.14571
 1.93595
 6.53427
 1.62754
 3.01803
 1.21896
 2.24676
 1.91412
 2.14224
 2.70695
 1.84079
 1.43017
 2.43038
 1.20605
 1.84025
 1.58622
 1.58774
 2.79005
  2.8844
 1.42601
 1.35799
 1.53086
  1.4405
 1.25884
 1.40729
 1.50561
  1.3737
 1.59531
 1.29997
 1.60921
 5.98297
 1.60474
  1.3628
 1.86645
 3.92268
 1.81005
 1.05224
 2.83283
 1.96366
 1.58713
 1.80811
 2.60009
 2.34102
 1.72442
 1.69509
 1.37351
  1.3852
  2.2544
 1.55662
 1.40192
 1.11541
 1.44652
 1.78507
 1.69207
 3.22594
  1.7277
 2.26997
 1.72729
 3.27718
 2.87495
  1.2241
 1.93667
 1.52708
 1.95103
 1.30864
 1.95663
 2.81472
 1.20861
  1.6783
 1.62399
 3.83779
 1.49187
 1.75459
 1.56933
 1.48246
 1.73324
  1.9214
 1.75576
 1.32714
 2.11558
 1.50383
 2.36902
 2.10416
 1.94692
 1.47073
  1.5687
 1.49807
 1.27715
 1.41592
 1.08336
 1.80679
 1.22071
 2.73389
 4.93771
 3.56426
  1.7706
 1.17559
 1.92795
 3.95571
  1.3071
 1.41548
 1.80973
  3.1766
 1.27964
 1.78002
 1.35912
 1.25244
 1.42904
 1.83987
 1.48867
 1.23944
 1.89301
 2.93527
 2.05323
 1.91397
 1.85624
 1.32801
  2.1331
 2.27319
 2.10327
  1.8238
 67.7519
 1.45266
 1.56304
 1.91365
 2.07726
 2.78512
 1.10885
 1.26458
 1.61457
 5.94203
 2.00846
 1.22178
 1.64567
 1.36022
 2.27252
 2.37264
 1.51798
  2.7654
 1.27359
  1.3587
 1.36486
  1.9918
 7.57656
 1.28642
 1.64646
 3.17687
 1.25791
 3.75311
 1.39111
 1.74859
 1.53799
 1.21118
 2.06667
 1.00948
 1.32324
 1.31737
 1.36653
 1.54456
 1.19778
 1.27828
  5.5417
 1.37117
 1.30798
 1.31969
  1.5915
 2.51379
 1.48495
 2.99186
 1.57136
 1.10151
 1.29231
 1.22781
 1.71468
 1.34808
 8.55604
 2.69856
 1.41843
  1.9325
 1.25307
 3.53916
 1.27482
 1.68874
 1.26367
 1.50437
 1.23181
 2.31078
 1.95977
 1.56603
 1.19576
 3.13469
 1.73587
 1.61119
  1.4007
 1.49294
 2.64141
 1.39487
 1.71228
 1.74604
  1.2897
  2.4781
 1.45914
 1.41225
  1.4676
 2.51507
 1.41055
 1.84314
  2.8012
 2.24429
 1.16921
 1.46893
 1.77288
 1.70985
 3.15087
 2.22839
 5.79246
 1.82548
 4.70905
 1.24192
 2.05681
 32.4292
 2.11107
 1.30459
 1.32071
 1.54999
 1.69925
 2.09535
 1.38914
 1.24206
 1.26696
 1.94503
 3.43739
 1.78534
 1.79259
 1.10616
 1.76047
 2.18231
 1.40498
 1.08805
 2.24525
  1.2317
 1.26504
 1.25415
 1.71438
 1.33512
 1.64614
 1.74717
 1.26946
 1.87331
 2.64147
 1.80536
  3.0634
 1.32082
 3.21762
  2.4069
 1.75029
 2.01608
  1.5843
 1.67608
 1.87696
 2.10254
  1.3392
 2.08437
 1.87442
 3.49587
 1.80985
 1.43765
 1.85896
 1.21997
 1.50068
 1.45889
 1.95965
 1.60447
 1.41753
 2.66671
 1.61327
 5.20983
  2.9174
 4.46949
 1.43042
 1.32717
 3.61147
 1.75747
  1.8902
 4.14893
 8.63728
 2.52463
 2.82111
 1.10924
 2.34187
 1.81415
  3.2327
 1.33785
 1.43105
 1.29663
 1.36045
 3.02262
 1.33164
 3.18371
 6.78038
  1.3366
  1.6139
 1.16319
 1.18202
 1.42183
 1.53948
 2.93634
 5.37458
 1.41134
 2.51598
 1.71608
 3.23093
 1.35904
 2.48737
 3.77315
 1.33948
 1.90051
 3.99934
  3.3245
 1.29202
 1.57232
  1.3667
  1.5936
  1.2034
 1.53975
 1.99007
 1.19625
   2.222
 1.41602
 1.22827
 1.81877
 1.79136
 1.70406
 1.26273
 4.89266
 1.72242
 2.50434
 11.6188
 1.48407
  1.5113
 1.41849
 2.68378
 1.85032
 6.79766
 1.55937
 1.34363
 1.33313
 1.26468
 1.38672
 1.39222
 3.46811
 1.95148
 1.64935
 2.13133
 1.04826
 2.72257
 1.73625
 2.77085
  2.1399
 1.77273
 2.76894
 1.11336
 3.24666
 2.33137
  2.9492
 10.1658
 1.59602
 1.41463
 1.01323
 2.23331
 1.41359
  1.4874
 2.17017
 1.42693
 1.58731
 2.38839
   1.374
 1.50416
 2.26258
 4.80595
 1.29259
  3.3255
 2.20653
  2.2605
 1.41661
 1.55099
 1.58518
 1.77863
 2.73907
 6.83522
 2.08694
 1.76503
 2.32325
 2.09708
 1.10787
 1.84242
 2.83885
 2.20731
 1.76771
 1.49707
 1.79382
  3.0933
 1.24387
 1.67633
 2.42085
  1.1908
 1.66117
 1.61309
 3.93115
  2.0014
 1.82666
 1.16189
 3.03741
 1.47897
 1.79281
  1.7538
 1.92685
 2.34814
 2.04809
 1.79641
 1.32908
 1.58291
 2.29906
 1.75313
 1.32554
 1.76252
 1.76739
 7.84947
 1.13413
 1.17547
 1.82294
 2.32173
 1.19624
 1.50661
 2.09035
 2.29965
 3.01737
 9.97788
 1.94388
 2.81619
   4.282
 4.30737
 2.12326
 1.25368
 1.09535
  1.4037
 1.65969
 1.26701
 1.69905
 1.11613
 1.26144
 3.71513
 1.97731
  1.2974
 1.87761
 2.16762
 1.77381
  1.8484
 1.21116
 2.25552
 2.00833
 7.99752
 2.00207
 1.50622
 1.62445
 2.66438
 2.03757
 2.78681
  2.6301
 1.31929
 1.15273
 1.93756
 1.30702
 1.17835
 1.29583
  2.5867
 1.93542
 1.94855
 1.67159
 2.01428
 1.74482
 1.54055
 6.92596
 1.20339
 2.01873
 1.57627
 2.01282
 2.10807
 1.81869
 1.33193
 2.15034
 1.77849
 1.98835
 2.11726
 1.24177
 1.51127
 1.36702
 2.46304
 1.57352
 1.40598
 2.67544
  1.7013
 2.52272
 2.18453
 1.38023
 1.61409
 1.42447
  1.7005
 2.06953
 1.21449
0.990324
 1.42104
 1.35224
 1.06143
 1.15745
 2.41531
 1.74315
 1.83436
 1.71008
 1.11025
 1.69085
  1.3988
 1.22878
 1.27387
  3.7217
 1.75228
  1.9043
 3.47782
 3.99568
 1.25813
 1.28966
 1.32772
 1.98785
 1.41862
 1.42992
 1.56726
 1.27045
 1.06077
 1.88068
 1.29779
 2.16752
 1.64461
 3.81694
 1.20828
 2.42995
 1.54805
 1.03916
 1.35962
 4.23538
 1.07855
    1.96
  1.9841
 1.45925
  1.3208
 3.72131
  3.1346
 1.39797
 2.27469
 1.20724
 1.58018
  1.7836
   3.182
  1.1562
 2.06053
 2.05753
 1.49151
 1.37681
 4.16199
 2.95063
 2.87393
 2.02361
 1.47396
 2.24854
 20.2838
 1.52104
 1.25301
 1.59204
 2.94418
 6.30168
  1.4586
 1.24398
 1.50151
 1.62464
 2.10913
  1.9641
 2.16415
 4.82407
 1.50092
 1.59274
 2.11036
 1.23866
 1.45141
 3.55319
 2.90406
  1.4642
 1.11857
 2.13039
 1.41209
 1.86946
  1.7203
 1.93652
 2.97293
 2.25499
  2.5689
 1.33693
 1.41541
 2.42932
 1.23016
 1.16912
 1.62234
 2.24864
 3.59162
 1.40401
 2.18658
  1.5253
 1.67382
 1.42011
 1.66513
 1.75573
 6.69418
 2.50563
  1.1613
 1.42575
 1.82988
  2.8808
 2.75758
 2.32804
 3.70414
 12.2479
 1.55964
 2.02379
 1.14377
 1.58027
 1.37317
 1.75065
 2.83725
 1.86727
 2.16249
 3.46163
 2.27678
 1.73071
 2.24516
 1.57029
 3.18993
 1.40906
 1.47361
 3.46533
 1.60202
 2.00657
 2.49833
 2.13326
 1.31708
 1.39367
 5.36896
 1.63264
 1.99226
 1.12499
 2.44636
 1.45995
   1.948
 1.50993
 1.61546
 1.11001
 2.02039
 1.91124
   2.123
 1.68749
 1.54491
 1.15693
 1.37519
 3.45076
 2.21468
 1.75695
 1.52213
 2.24276
 1.45476
 2.39507
 1.79519
  1.2078
 1.35336
 1.61973
 2.67076
 1.29373
  1.2543
 1.53803
 2.29041
 1.34136
 2.34175
 1.55468
 2.36056
 1.26021
 2.75063
 1.48899
 2.39297
 1.30666
 1.22954
 1.64219
 1.06681
 1.88843
  2.0599
  6.6782
 1.43189
 1.98349
 1.64144
 1.65042
 1.25944
 1.61568
 1.64695
 1.51864
 1.47826
 1.80013
 1.79551
 2.77358
 2.53774
 1.59363
 1.99489
 2.41242
 1.63726
 2.12065
 1.74251
 1.87442
 1.11766
 1.97808
 1.65245
  1.7738
 1.52911
 1.48833
 1.54038
 1.37427
 7.67658
 1.77325
 1.60041
 1.15719
 1.74977
 1.36984
 1.14167
  1.5574
 4.06032
 1.87475
 9.00778
 3.00454
 1.20111
 1.34059
 1.19167
 3.25674
 1.64315
 2.70891
 1.97194
 2.03337
 1.44234
 1.86584
 1.48918
 1.62931
 1.14672
 2.22405
 1.23973
 1.43281
 1.55058
 1.33945
 2.22401
 2.57079
 1.44071
 1.89456
 1.27641
 1.38628
 1.38117
 2.11062
 2.01397
 3.40458
 1.26948
 1.03791
 1.30894
 1.19877
 2.13585
 1.19987
  1.7026
 1.38814
 8.07124
 3.25258
 1.14364
 1.27389
 2.47006
 1.79097
 1.72428
 1.71751
 2.79628
 1.33513
 2.02157
  2.3262
 1.61804
 1.61636
 1.26855
 2.21134
 1.44382
 3.25752
 1.49639
 4.25854
 3.38034
 11.5537
 1.45818
 2.07745
 1.06286
 1.74125
 2.23982
 3.57928
 2.36379
 2.81616
 1.22611
 4.95047
 3.75049
 6.66765
 1.92214
 2.75685
 1.48989
 3.91383
  1.4035
 1.89143
 1.60037
 1.58052
 1.23581
 1.29962
 1.45968
 2.30015
 1.35332
 1.70612
 2.33398
 1.03174
 1.69132
 1.85838
  1.8213
  1.4139
 1.96967
 1.81114
  2.9518
 1.25221
 1.41435
 3.60285
  1.5201
 1.77074
 1.14242
  2.1977
 1.70592
 1.58588
 1.01339
 1.55161
 1.26674
  2.0916
 1.55787
 3.00697
 1.75499
 4.48789
 1.37206
 1.84186
 2.25645
 2.24753
 2.13106
 2.04366
 1.40664
  2.5112
 1.77887
 1.28795
 1.35623
 2.45969
 2.30768
 1.51499
 2.07195
 1.68422
 1.07356
 1.22934
 1.72702
  1.7454
 1.49312
 1.37339
 2.21792
 1.31809
 1.98418
 3.04497
 2.16369
 1.27315
 1.30829
 1.46477
 1.16199
 2.54585
 2.48582
  1.2803
 1.35379
   2.154
 1.81954
 3.78105
 1.59551
 1.90532
  3.6003
 4.53982
 1.46701
 1.88102
 1.29466
 1.81512
 2.69964
 1.35355
 1.46728
  1.5765
 1.42984
 1.34867
  2.6932
  3.9417
   2.028
 3.11573
 6.57286
 1.96512
 1.28959
  1.8074
  2.3638
 1.41997
 1.71932
 1.71988
  4.1251
 1.34373
 1.57438
 1.38069
 2.27809
  1.3541
 3.03868
 1.63257
 2.39588
 1.30826
 1.41803
 1.61919
 2.78601
 2.65008
 1.88848
 2.10098
 3.34963
 1.64202
 2.97084
 1.74179
 1.34663
 1.31327
 1.64341
 2.04116
 1.80006
 1.22894
 2.29695
 1.03672
 2.06127
 1.31641
 1.47117
 1.40478
 3.01168
 2.79018
 1.64538
 1.29439
 1.21551
 2.43384
  2.4851
 1.52406
 1.40695
 1.40202
 1.12447
 1.18219
 1.87732
 3.16514
 1.37043
 1.92045
 2.27756
 1.54562
 1.36283
 1.45343
 1.09861
 3.31914
 1.35662
 1.74276
 2.47556
 1.17126
 1.02596
 2.25102
 1.61959
 1.74553
 3.76978
 1.59083
 1.79636
 1.10004
 9.57457
 3.22655
 6.95997
 3.32833
 4.26365
  1.5562
 1.27722
 1.34912
  1.5749
 1.46766
 1.74729
 1.56257
 2.97085
 1.75653
 16.5187
   1.655
 4.34889
 1.25663
 1.87523
 1.13245
 1.68372
 1.84491
 1.46592
  1.5716
 2.07033
   1.537
 1.51306
 2.63266
  1.4176
 1.48456
 1.31724
 2.14362
 1.09297
 1.65312
 1.35405
 3.46566
  1.5438
 2.09502
 1.51658
 1.32671
 1.73204
 1.99466
 1.27222
 3.77313
   1.945
  2.4499
 1.04208
 2.03813
 2.48336
 1.47067
  4.9661
 2.08678
 1.83213
 2.00983
 2.28914
 1.46737
 1.83453
 3.04416
 1.04708
 1.50651
 1.49398
 1.71672
 2.28659
 1.65483
 1.48824
 1.81278
 1.21339
 2.28628
 3.63265
 2.77528
 1.38401
 1.64148
 6.16301
 2.50123
 2.97015
 3.72014
  1.8436
 1.98905
 1.56434
 1.43262
  1.7563
 1.54825
 2.55848
 1.96938
 1.54382
 2.37041
 5.64624
 1.55784
 2.31824
 2.20192
 2.01455
 1.31929
 2.24529
  1.2645
 2.08335
 1.96437
 1.56748
  1.6561
 1.53253
 2.41443
 1.49988
 1.88461
 1.26671
 1.56015
  1.8955
 2.57549
 1.61027
 1.62492
 1.22004
 1.28825
 1.58778
 1.22498
 1.79401
 1.49843
 2.14604
 1.22719
 1.26162
 3.18362
 1.96631
   1.099
  2.5524
 2.82831
 1.37244
 1.62045
 3.01928
  2.5878
 1.65211
 2.28877
 1.47367
 1.14247
  1.3779
 1.44396
 1.68029
 3.31472
 1.10149
 1.50677
 1.52888
 1.97887
 1.78862
 1.37007
 4.22347
 1.95607
 2.29628
 1.67398
 1.36245
 1.36402
  1.2117
 2.62724
 1.53968
 3.40473
 2.02084
 2.93488
 1.77112
 1.88529
 2.29058
 1.05419
 1.21133
 2.60031
 3.07304
 1.61697
 1.89271
 2.55084
 2.14617
 1.57503
 1.44034
 1.12952
 2.67522
 1.92744
 2.12861
 1.14681
 1.26528
 1.56497
 1.36169
 2.67203
 1.85466
 1.97201
 1.79579
 1.90834
 3.01588
 3.64659
 2.12393
  3.7179
 1.76442
 1.05459
 1.32534
 2.22798
 1.61804
 1.38322
 2.11532
  2.1517
 1.08622
 1.54983
 1.48545
 1.32684
 2.26959
  1.2872
 3.60741
 1.91923
 2.14497
  2.3008
 2.83889
 1.83521
 1.90213
 1.28718
 1.67733
  1.5824
 1.54321
 1.16564
 1.20824
 2.16437
   2.406
 3.77344
 1.23699
 3.12274
 1.59115
 1.11363
 1.87883
 2.86405
 4.99807
 2.22684
 1.32983
 1.35377
 2.28508
  2.8448
  1.2672
 1.61457
 1.69447
 2.27262
 1.27612
 1.28149
 2.70442
 2.06096
 1.34485
  1.3033
 1.72659
 1.62941
 1.91499
 1.63194
 2.35652
 1.12723
 3.49922
 1.47826
 1.28385
 1.20115
 2.40286
  4.9029
 3.59881
 2.49425
 1.09676
 1.44795
 2.63732
 1.75372
 1.14968
 1.66875
 1.65496
 1.43689
 1.18558
 5.78147
 1.50405
 1.78632
  3.5014
   1.727
 1.51791
 1.08763
 2.01034
 1.83925
 2.47144
 1.64974
 1.01843
 1.79489
 1.62064
 1.50603
 16.7654
 1.58025
 1.26801
 1.89612
 2.44455
 1.71526
 2.27778
 2.07727
 1.47635
 1.22257
 1.74388
  1.5023
  1.3727
 2.46734
 1.60721
 1.80716
 1.54214
 2.07562
 1.44774
 1.45447
  1.4294
 20.3081
  1.6683
  1.9598
 2.33807
 1.68042
 2.67503
  1.0629
 1.83922
 1.43532
 2.10604
 1.17665
 2.81515
 1.37809
 4.59075
 2.49932
 14.0358
 2.09999
 1.79115
 1.20419
 1.47006
 5.42087
 1.33447
  1.3375
 2.21348
 2.10323
 2.66224
 3.88938
 1.24217
 3.86784
 2.29413
 1.19801
 1.62605
 1.98637
 1.19614
 1.77967
 1.99108
 1.18127
 1.97688
 1.74187
 1.83849
 1.37395
 2.63891
 1.93118
 1.65129
 1.69496
  1.6194
 1.61349
 1.26918
 1.60265
 2.48815
 1.71835
 1.28849
 1.13929
 1.58132
 1.44764
0.990815
 1.18008
 1.42204
  1.4365
 4.31791
 2.09125
 1.56955
 1.70315
 1.24523
 1.90062
 1.87066
 1.55026
 3.15346
 3.16173
 1.41086
   1.847
 2.00197
 20.6425
 3.31781
 4.90807
  1.7797
 3.36371
 1.96052
   1.806
 1.95423
 1.68627
 1.29916
  1.4251
 1.52477
 2.51272
 1.12047
 3.00331
 1.79384
 1.77292
 2.05751
 1.49866
  2.8888
 1.14407
  1.6059
 1.76502
 2.58286
 1.36214
 1.12302
 1.46501
 3.28449
 1.96817
 2.93267
 2.67587
 1.54253
 1.92214
 1.57877
 1.47517
 3.24468
  1.6709
 1.29147
 20.4299
 1.80721
 3.30997
 1.93174
0.922237
 3.39029
 1.43138
 6.25087
 2.03755
 1.10087
 1.51863
 1.76081
  1.9245
  1.6816
 1.56699
 2.38339
 1.21625
 2.55552
 15.4249
 1.92181
 2.05043
 1.64099
 1.38986
 1.12742
 1.36828
 1.73056
 1.73561
 1.96434
 1.40322
  2.0386
 1.50484
 1.89473
 1.20948
 1.70393
 3.36353
 1.69048
 11.3056
 1.35573
  1.6849
 1.41706
 2.29821
 2.00211
  1.5116
 1.46188
  3.8117
 2.11421
 2.40405
 1.09814
  2.0021
 2.28317
 1.22574
 1.93464
 1.39201
 1.59839
 1.08017
 1.32062
  1.2687
 1.39771
 1.28004
 1.63913
  2.7232
 1.40596
  1.7891
 1.24172
 1.33568
 1.21845
 1.27376
  1.4771
 3.48526
 1.72723
 2.59511
 1.11722
 2.65231
 4.50294
 3.39238
 1.47361
 1.42553
 1.54143
 1.26416
 7.91688
 1.21194
  1.5438
 2.06381
 1.15778
 2.31338
 2.46132
 2.31535
  3.1599
 2.01611
 1.36725
 1.57017
 2.02464
 2.22031
 1.87011
  1.3149
 8.98953
 1.54683
  1.3044
 2.61364
 1.22391
 2.50245
 1.37796
 1.52149
 1.60619
 1.56695
 3.29056
 1.60889
 2.52543
 1.49227
 1.51175
 1.82953
 1.81852
  6.3099
 2.00826
 2.69562
 1.38401
 2.77973
 3.37058
  13.605
 3.10441
 1.88941
 3.76382
 1.96491
 1.32011
 1.29366
 11.6627
 1.68668
 1.84434
 1.99254
 1.36993
 1.94316
 1.50158
 1.91479
 1.81365
 1.26713
 1.52967
 1.14331
 1.87943
 1.33132
 1.31562
 2.12491
 1.78344
 1.88635
 1.31818
 20.3307
 1.70494
 1.42169
 1.86801
 6.74584
 3.08238
 1.28571
 1.23834
 1.39043
 2.81311
 1.30286
 1.24529
 3.87887
 1.05674
 1.21126
 2.63946
 1.38432
 2.24359
 1.44419
 2.46557
 1.47401
 1.52357
  2.0322
 2.18489
 1.48016
  3.0173
 8.59395
 2.38833
 1.28916
 2.05119
 5.99761
 1.89351
 1.77975
 1.25554
  6.7382
 1.17387
 2.76991
 1.68369
 1.28045
 2.49311
 1.42062
 11.0426
 2.33134
 1.37405
 1.57816
  2.9464
 2.18261
 2.25277
 1.75866
 1.83323
 1.48317
 1.64295
 1.05123
 1.60355
 1.48052
 2.05392
 1.42592
 1.66865
 1.43956
  1.5344
 1.46489
 1.85462
 1.11314
 1.35764
 2.15666
 1.95252
 2.88731
  2.1323
 15.5084
 1.55342
0.952035
 2.78486
 1.92182
 2.38606
 1.71018
  1.7067
 1.46323
  1.3979
  1.4052
 1.62356
   1.993
 1.43647
 1.37439
 1.23806
  1.4205
 1.13108
 2.28872
 1.79987
 1.57219
 2.09113
 1.12245
 3.43006
 1.90326
 1.36738
 1.80282
 1.19694
 2.22044
 1.58695
 1.69585
 1.69724
 1.56251
 1.30735
 2.88641
 2.69925
 1.30603
 1.31248
 3.07403
 1.89805
 1.79373
 2.17953
 2.10963
 2.58803
 1.34261
 2.08996
 2.84657
 1.65821
 2.39963
 1.01947
 1.25739
 1.68003
 1.35057
 1.75431
 1.33111
  1.1535
  2.1323
 1.44397
 1.71517
 2.38608
 1.86023
 1.41376
 8.81343
 1.24546
 1.99046
 1.99367
 1.34803
 1.84172
 2.48999
 1.72273
 1.32113
 2.05968
 1.09313
 2.51217
0.919737
 2.51445
 1.51582
 1.07595
 1.40262
 2.42989
  2.1177
  1.8027
  1.4171
 1.59925
 3.70347
  3.0565
 1.60537
 2.39678
 1.51939
 1.55807
 1.36258
 1.56273
 2.17671
 1.63102
  2.2673
  1.8946
 1.37459
 1.90096
 1.41706
 2.11953
 1.96081
 1.85267
 2.01618
 1.87299
 1.77977
  1.2939
 1.52485
 1.70187
 2.23128
 2.59422
 1.85342
 3.73797
 1.39381
 1.92028
 2.31734
 1.60873
 1.26041
  1.1186
  1.7262
 1.97966
 3.04381
  1.8834
 2.91851
 2.70518
  2.8926
 1.47254
 1.14226
 3.56811
 1.92235
 1.26402
 1.48975
 1.42164
 1.51849
 1.22562
 1.35533
 2.90998
 1.07911
 2.13387
  1.3521
 1.41003
 2.21248
 1.50522
 1.32011
 1.21185
 1.11972
 1.38703
 3.15281
 1.70467
 1.86311
 2.17938
 1.59375
 1.63915
 2.89733
 1.59043
 1.76632
 1.47496
  1.0551
  1.2127
 2.32902
 3.40656
 1.25167
  2.5154
 1.59291
  2.9767
 2.44527
 4.84383
 1.66649
 1.17348
 1.79362
 2.30852
 1.50158
 2.36601
 1.95021
 2.06419
  1.6295
 1.39371
 1.86801
  1.6624
 1.82132
 1.62314
 1.66517
 3.47738
 1.80614
 1.56023
 1.08599
 5.74898
 2.17534
 2.03757
 1.23836
 1.13199
 1.73287
 4.46344
 1.47492
 2.99506
 1.69682
 2.19356
 1.31077
 2.09075
  1.2095
  2.7898
 2.01602
 2.45621
 1.64987
  2.0238
 1.31066
 1.08884
 1.88116
 1.84388
 1.29424
 4.79926
  1.2871
 1.21593
 1.48578
  1.1232
 1.65552
 1.64963
 1.20595
 1.61038
 2.05465
 2.47885
 2.33933
 2.35125
 3.02036
 1.04731
 2.52928
 58.9893
 1.68557
 3.85575
 1.77547
 1.69374
 1.23561
 1.86996
  1.7169
 2.18951
  1.3755
 1.35441
 1.66385
 1.73487
 3.85627
 2.08699
 1.22643
 1.35263
 1.47097
 1.61513
 2.96144
 1.98652
  1.5547
 2.31517
 2.33128
 2.07387
 1.53765
 1.65442
 1.85283
 2.56775
 1.51256
 1.00706
 2.08589
 1.95158
 1.79239
 2.23955
 1.22901
 3.01998
  1.7835
 1.76096
 1.91303
 1.30412
 1.29625
 3.37806
 2.33226
 1.93236
 1.38711
 1.43174
 1.86481
 1.61726
 1.95892
 1.58484
 1.26824
 2.30782
 1.82105
 1.75882
 1.55254
 2.53045
 1.39377
 1.32582
 1.79967
 1.68259
  2.0852
  1.4227
 1.95598
 1.21247
 4.56675
  1.6093
 2.11674
 3.76491
 1.85363
 2.11377
 1.36807
 1.45597
 2.07701
  1.4404
 1.37389
 1.23033
 1.90957
 4.76069
 11.4613
  1.3399
 4.39022
 2.80942
 3.25802
 1.60322
 3.17276
 1.96957
 1.01583
   1.016
 1.53516
 1.79345
 2.15659
 2.67264
 1.14033
 1.22938
 1.15917
 1.68501
 3.37573
 1.93903
 1.44108
 6.57552
0.983789
 2.44955
 3.75564
 2.35481
 1.37359
 2.08054
 1.37942
 7.13508
 2.11541
 3.71525
 2.60857
 1.50332
 3.28602
 1.07759
 2.08318
 1.35242
 1.45324
 1.15116
  1.7538
 1.16505
 1.61805
 2.39151
 1.30546
 2.26053
 11.5467
 2.78299
 2.02961
 2.00592
 7.83854
 3.48803
  1.5151
 1.58318
 2.29008
 1.31632
 1.72759
 6.69144
 1.30442
 2.36255
 2.65146
 1.79207
  1.1376
 1.45147
 1.21738
 2.11955
 1.42402
 1.23355
 2.57714
 2.32801
 1.88291
  1.8281
 1.75095
 1.40335
 1.56496
 1.06926
 2.36035
 1.73765
 1.46374
 1.18041
 1.79367
 1.85353
  1.1017
 1.11869
 1.39963
 1.50462
 2.01175
 1.16097
 1.25692
  1.1067
  2.1343
  2.1295
 1.51962
   1.804
 1.35071
 1.28186
 2.34963
 2.37645
 1.50305
 1.55485
 1.38471
 5.54411
 1.76959
 3.08886
 3.32153
 5.11963
 2.46766
 2.07637
 1.73616
 1.45349
 2.29735
 1.65362
 1.57997
 2.25497
 2.31608
 1.25859
  10.832
 1.50733
 1.49485
 1.66397
 1.83637
 1.82842
 1.74243
 2.14657
 1.88735
 1.65871
 1.12016
 2.70308
  1.9782
 1.41469
 1.30458
 1.36673
 2.29211
 1.33338
 1.75886
  1.2737
 2.07927
 2.21546
 1.27642
 1.48199
 2.17741
  1.8232
 1.97724
 1.16515
 1.99075
 2.22199
 1.50904
 2.75541
 2.18771
 1.27746
 1.33503
 1.51154
 1.86264
 2.03615
  4.2754
 2.30422
 1.08715
 1.39173
 1.54253
 3.62992
 1.46932
  1.6245
 1.34209
  2.8141
 2.15102
  1.2993
 1.36073
 1.65869
 1.31441
 3.23783
  2.9648
 1.93568
 2.60836
 1.65914
 1.72305
 1.13543
 2.45162
 1.36893
 1.23061
  2.1334
 1.71686
 1.21042
 3.08069
  1.1286
 1.56926
  1.0608
 1.77623
 1.77722
 2.00253
 1.40347
 1.56562
  1.7178
  3.1031
 1.47171
 1.76255
 1.39706
 8.72972
 1.46718
  1.6306
 1.52563
 1.82775
 2.11702
 1.86283
 2.09178
 3.15071
 2.13299
 2.09638
  3.5996
 1.38752
 2.78043
 1.51863
 2.78601
 1.04342
 1.65216
 1.60824
 1.97922
 2.75304
 2.35928
 2.19093
 1.45616
 1.08271
   1.977
 3.10616
 1.75716
 1.34104
  1.9071
 1.28238
 3.11521
 2.61284
 5.19337
 2.44492
 1.31477
 2.44822
 1.78048
 2.18821
 2.03736
 2.02723
 1.79713
 1.34348
 1.12509
 1.99839
  1.4071
 1.39605
 1.85176
  1.2542
 1.97188
 1.42173
  1.4707
  1.5072
  2.1078
 1.48636
 5.33724
 1.75469
  2.7031
  1.1269
 2.54367
 1.43832
 1.30715
  1.6312
 1.84967
 1.71924
 3.20322
 1.30402
 1.81596
 1.32058
   1.822
  1.8098
 2.02527
 1.53542
 1.57905
 1.66231
0.975228
 5.49318
 2.26268
 2.02218
 1.91524
 1.26777
 2.54709
 2.40483
 2.84024
 1.78455
 1.40101
  1.6779
 1.51266
 2.04425
 3.42466
 1.33941
 1.61422
 2.11138
 2.68629
 2.84845
 1.81878
 1.97405
 1.41854
 1.52028
 5.65993
 2.01162
 1.36464
 1.34527
 1.40471
 1.41765
 1.05808
 2.22719
  1.7078
  1.0871
 1.44847
 1.23849
 1.74035
 2.07741
 1.31554
  1.6672
  1.6029
 2.02757
 2.34117
 1.79114
 2.02601
 16.7026
 1.39882
 1.18041
 1.90214
 2.94994
 3.60604
 3.97844
 1.69285
 1.89136
 1.76483
 1.49082
 1.59212
 1.95044
 1.95571
 1.87552
 1.25911
 1.43379
 1.35386
 1.20707
 1.34194
 1.50839
 2.03209
  1.3006
 1.69996
 1.38402
 2.83315
 3.60728
 1.42529
 1.12355
  1.3295
 5.18681
 2.73468
 1.35328
 1.32196
 2.45544
 4.86372
 1.47907
  2.5206
 1.24983
 4.01694
 1.53856
 2.88985
  1.9344
 2.88851
 1.79267
  1.2457
  1.5732
 1.13994
 2.68965
 2.22598
 1.56423
 1.92857
 1.80028
 1.41112
 1.22076
 1.64511
 2.37848
 1.85649
 1.83309
  1.0366
  1.8035
 1.53619
  1.5893
 3.36611
  1.0595
 2.69221
 1.34847
 1.76228
 1.09379
   1.446
 1.62945
 1.15596
 1.64524
 1.16423
 1.24039
 2.64965
 1.31118
 2.51757
 1.39194
 1.24725
 1.41382
  2.5104
 1.99071
 1.41071
 1.61221
 1.89365
 1.44215
 1.90987
 1.68405
 1.88635
 1.65392
 1.93789
 2.41682
 1.10563
 2.22571
 1.39985
 1.24792
  2.0305
 2.31017
 1.60895
 1.09987
 2.50621
 2.30292
 1.21794
 1.45282
 1.45184
 1.96704
 1.42136
 1.60465
 2.19335
 3.51226
 3.11812
 5.78771
 1.74754
 1.78745
 1.75124
 1.47388
 2.23585
 3.04194
 2.28399
 1.49328
 1.11422
 1.68318
 1.93359
 1.53931
 1.35945
 1.97714
 1.34811
 1.44861
 1.79601
 7.39953
 2.45332
 1.24004
 3.41902
 3.96343
 1.34834
 1.25411
 4.05634
 1.93136
 1.97523
 3.01674
 1.89131
 1.63413
 1.46311
 1.66075
 3.14176
 1.15577
 1.45182
 1.45943
 3.18789
 1.21959
 1.44911
 1.90807
 1.04857
 1.63482
  1.3583
 1.74686
 1.32139
  1.8704
 1.42886
  2.5622
 2.16902
 1.70643
 1.30079
 1.26882
 5.23927
 1.65052
 2.78809
 1.64652
 1.14184
  2.4944
 15.9503
 1.43773
 1.52738
 2.17307
 1.58919
 1.76146
 2.03482
 2.93199
 1.06693
 2.36219
 1.76543
 2.03406
 2.79707
 1.65008
 7.85493
 4.51377
  29.954
 2.32609
  1.6584
 1.24925
 1.21107
 1.75357
 1.63633
 4.53096
 1.42374
 2.39376
 1.77097
 1.42297
 3.92491
 1.65145
 2.47681
 1.25801
 1.22088
 1.77998
 1.43671
 1.20079
 1.25846
 13.7221
 1.29351
 1.09611
 4.15671
  1.3099
  1.5646
 1.79098
 1.60086
 2.24553
 1.69486
 3.07447
 1.91438
 1.35452
 1.42115
 2.30659
 1.38298
 1.29136
 1.37236
 2.12362
 1.04176
 3.28813
 2.37466
 1.71588
 1.72613
 1.21902
 1.36746
 1.90552
 1.71799
 1.26784
 1.80502
 2.41703
 1.57564
 1.05957
 2.97842
 4.73912
 1.33238
 1.77097
 1.44224
 2.10452
 1.72867
  1.2579
 2.57762
 2.36645
 1.77174
 2.56819
 1.73344
 1.26687
  2.5246
 1.58228
   1.685
 1.84331
 1.60607
 1.27245
 1.68882
 2.32969
 1.70606
 2.54228
 3.19903
  4.8294
  3.1639
 1.44533
 1.28699
 3.18951
 1.44718
 2.31597
 2.11343
 1.22418
 1.85778
 2.42445
 7.13234
 1.14484
 1.17556
 1.77676
  2.2174
 1.52667
 2.60966
 2.24139
 2.26785
 3.80148
 1.88825
 1.57428
 1.33148
 3.42667
 1.52883
 2.65027
  2.0619
 3.88972
 1.46357
 1.40901
 2.63876
 1.19344
 1.37361
  1.6984
 1.78459
   1.269
 13.2232
  1.4216
 2.45571
 2.46849
 2.98231
 1.71072
 1.53669
  1.6084
0.979877
 1.04382
 2.06063
 1.62978
 5.47683
 3.03453
 1.44588
 2.49542
 2.66903
 1.51668
 1.93169
 2.54672
 2.37979
  2.5253
 1.44239
 1.36906
 1.54537
 1.91442
 1.91042
 1.92112
 1.72062
 1.61514
 2.46265
 1.38088
 2.47056
  1.2345
 1.47041
  2.5078
 1.32719
 3.70125
 2.64284
 3.86124
 1.12922
 1.61817
 3.04178
 1.70917
 2.69891
 1.49152
  1.4936
  1.7884
 1.83266
 2.47294
 2.31729
 3.97698
 1.50011
  2.3898
 1.71504
 1.23002
 2.19721
 29.1573
 9.29935
 1.61647
 3.48176
 1.55068
 2.56346
  1.3146
 3.66138
 2.49836
 2.03487
 1.58381
 1.45215
 1.25984
  1.8212
 1.81502
 5.92371
 1.34645
 1.66818
 1.18871
 1.39373
 3.15944
 1.28454
 5.12061
 1.86397
 1.44889
 2.83964
 3.02982
 1.42542
 2.56306
 1.57829
 1.77602
 1.46749
 2.82928
 3.15719
 5.01447
 1.74821
 1.29136
 6.64653
 3.45115
 3.31321
 1.74382
 1.18854
 1.10328
 1.72822
 1.93478
 1.44829
 1.73661
 2.28455
  8.7402
  2.4748
  1.8791
 1.50588
 1.49247
 1.27026
 1.28352
 1.78252
 1.59562
 1.67085
 2.48623
 2.32865
 1.68067
 1.97233
 1.22842
 1.28036
  1.3347
 1.30362
 1.20905
 2.72516
 2.82937
 1.32117
 1.42823
 2.01191
 1.31019
 1.53746
 1.53237
  2.0891
 1.42799
  1.3943
 1.99261
 1.58845
 2.80175
 1.26587
 2.34466
  1.5473
 1.52799
 11.8546
 1.44772
  1.4063
 1.25194
 2.00317
 2.01895
 1.34873
 2.03699
 3.42642
 1.14846
 2.26086
 1.32306
 1.50755
 2.85429
 1.13461
 2.21664
  1.8288
  1.5093
 2.73743
 1.34931
 2.53936
 3.16696
 2.13572
 1.13852
 4.57864
 1.73514
 3.34975
 1.95426
  2.9817
 2.35036
 1.32506
 1.89509
 1.30719
 1.75193
 2.05579
 1.05285
 1.88661
 1.22107
 1.25281
 1.46205
 1.52154
 1.45554
 1.39114
 1.44952
 1.80992
  1.3853
 1.57146
 3.90977
 1.06361
 2.57772
 1.81116
 5.83248
 1.69313
 1.37314
 1.45009
 1.31853
 1.09641
 1.43155
 6.76754
 2.27612
0.986475
 4.16522
 1.61848
 2.15621
 1.64858
  1.3688
 1.77425
 2.20124
 3.90738
 2.88031
 1.66932
 1.09174
 1.64955
 1.35738
 1.53824
 1.06251
 1.39208
 3.00181
 2.45137
 1.03156
 2.00559
 1.71471
 1.67947
 1.48031
 1.94473
 2.06584
 2.49463
 1.44137
 2.14348
 1.37734
 1.49658
 1.61185
0.996263
 1.66269
   1.372
 1.46954
 1.59813
 1.72363
   2.672
 2.46427
 1.39555
 3.04036
 2.07079
 1.51456
 1.61975
 2.41046
 3.03073
 2.96103
 2.51843
 1.40556
 5.30269
 1.63705
 1.49715
 2.13978
   2.143
 1.74669
 1.81708
 4.59205
 3.26678
 2.13357
 1.87232
 2.35787
 2.33511
 1.80501
 2.86007
  2.1196
 1.87037
 1.96246
 1.96313
 2.19639
 2.02337
 1.88987
 2.97935
 2.82053
 1.23918
 1.79776
 2.90771
 2.02922
 2.82596
0.991624
 1.53601
 1.94344
 1.42004
 3.45537
  2.1549
  2.2003
 1.78892
 1.67916
 2.34511
 2.80176
 1.57099
 1.19383
 1.77486
 1.91616
  1.4228
 1.59516
 2.11295
 1.47786
 1.37881
 1.34211
 1.17323
 8.61745
 2.51406
 1.83786
 1.56714
 1.76935
 2.16317
 1.32251
 2.63975
 2.70615
 2.15694
 1.65912
 1.74828
 1.60207
 1.21414
 3.36602
 1.80827
 2.39933
 3.39686
  2.0468
  1.8099
 2.40826
 1.56651
 1.24287
 3.05809
 1.68659
 2.98103
 3.45449
 1.86002
 11.3997
 1.36752
 1.44403
 1.79457
 4.42011
 1.70162
  2.0597
 1.25316
 1.68482
 2.08997
 1.52703
 2.12758
 3.73564
 1.40503
 1.22015
 1.46786
 2.27829
 1.32587
 1.48357
 2.65997
 1.64143
 1.73533
 3.48189
  1.4169
 1.11698
 1.21285
 2.93733
 2.32177
 1.68773
 1.11765
 1.10953
 9.18703
 2.21691
 2.52338
 4.11478
 1.61943
 1.45673
 2.16346
 1.56116
 1.14845
 2.30204
 1.87451
 5.53137
 3.10227
 11.5347
 1.20944
 1.77852
0.992934
 1.59777
 1.57357
 4.95118
  2.6234
   2.478
 1.59361
 7.04164
  1.5983
 2.89605
 1.63499
 1.79866
 4.19825
  1.2147
 1.43541
 1.32389
 1.13153
 1.29728
 2.06522
 2.50359
 1.15111
 2.01471
 1.38058
 4.09057
 1.68248
 1.77888
 2.15459
 1.49442
 5.12323
 2.49959
  4.0903
  1.2088
 1.50481
 2.56224
 2.49205
 1.29933
 1.70563
 2.68243
 1.44006
 1.65546
 1.88637
 1.48118
 1.71705
 1.71506
 1.42794
 3.00551
 1.76295
 1.47626
 1.31933
 2.91884
 2.07289
 2.35155
 1.56254
 1.84253
 1.76887
 1.28338
 5.08149
 1.71938
 1.34801
 1.48357
 1.69517
 1.42723
 5.52649
 4.06667
 1.43584
 1.87299
 1.53713
 2.32286
 1.85795
 1.72894
 8.09164
 1.40346
 1.62161
 1.74408
 2.08671
 2.27883
 1.11338
  1.1882
 1.07399
  1.9644
 1.80093
 2.15295
 1.65251
 1.52088
 1.48213
 1.15941
 1.27031
 1.10942
 1.13484
 1.42241
 2.86039
 1.46269
 1.59242
 1.99305
 1.54474
 2.55625
0.986056
 2.97378
 1.27951
 1.96185
 2.70268
 1.40595
 2.03562
 1.49011
 1.20893
 1.23317
 1.10951
 2.23823
 3.12396
 1.21725
 1.73477
 7.70035
   1.504
 1.55444
 1.34852
 1.87176
 2.58853
 2.60571
 1.80752
 1.08216
 2.12754
 2.07623
 1.75655
 2.44593
 1.64539
 2.01355
 2.32584
 1.67876
 1.43447
 1.37605
  1.3698
 1.26523
 1.38217
 2.60177
 14.3649
  6.7539
 1.19937
 1.77619
 1.22584
 1.67547
 2.38734
 2.09384
 3.42524
 2.32767
 1.15817
 1.74503
 8.08322
 1.81794
 1.89227
 1.71287
 1.47946
 2.62624
 1.76828
  1.1438
 4.83458
 1.28191
  2.1117
 2.16237
 1.10122
 5.61082
 1.19745
 1.84255
 1.68993
 1.74137
 1.72605
 1.57782
  2.5614
 4.70222
 3.70851
0.987198
 2.99569
 1.75708
 1.41452
 2.29208
 4.07539
 1.51942
 1.35776
 1.79518
 1.47855
 2.37776
 1.80281
 1.57622
 1.87842
 1.65935
  2.6277
 2.47341
 1.13494
 1.72176
 1.80495
 2.07063
 1.16513
 4.17861
 1.67386
 1.67352
 1.85145
 1.40324
 5.04725
 1.54763
 1.93659
 2.00825
 1.14986
 1.52017
 1.48863
 1.51712
 2.32199
 1.13291
  1.4584
 1.55223
 2.03701
   1.369
 1.49441
  3.5503
 1.94622
 2.45338
  1.0959
 1.07663
 2.27653
 1.64164
 3.00875
 1.69784
 1.59746
 2.61968
 1.04471
 2.03305
 1.37962
 1.28684
 1.23557
  2.1073
 2.65078
 1.19735
 1.38126
 2.68864
 1.68691
 1.90583
 1.69888
 2.69184
 2.06491
 1.45911
 1.23039
 1.08819
  12.684
 1.71246
  1.4544
 3.64263
 1.44425
 1.52893
 1.58082
 1.12448
 4.98883
 1.56321
 1.75935
 3.58937
 1.46574
 1.45603
 1.48427
 1.32008
  1.7605
 1.73786
 1.72113
 1.40852
 1.16819
 1.52884
 3.16156
 1.62984
 1.31092
  4.3859
 1.77039
  1.5197
 1.60808
 1.26054
 5.63175
  1.2086
 3.31064
 1.26635
 1.57765
 2.48351
 2.41091
 1.77141
 2.60073
 1.82954
 1.52556
 2.51428
 1.83952
 2.39504
  1.5053
  1.4519
 1.23679
 1.21995
  1.6768
 2.56622
 1.81187
 5.42853
 1.57467
 3.16203
 1.91311
 1.48025
0.883332
 1.64888
 1.71297
 1.05023
 1.19521
 2.13688
 5.48373
 1.89518
  1.4748
 2.18279
 1.60355
 1.57813
 2.54327
 3.53364
 2.76861
 1.89636
 1.71244
 1.38084
 1.39487
 1.53632
 1.40541
 2.52975
 2.06662
 1.24423
 1.82224
 1.85462
 2.03393
 3.04934
 1.87286
 2.32944
 1.55057
 1.60366
 14.0529
 1.29166
 1.23037
 1.44246
  2.4622
   7.846
 1.43554
 1.52139
 1.35301
 1.71761
 2.42741
 1.14294
 1.45618
 1.36151
 1.35854
 1.91534
 2.19114
 1.90666
 1.70732
 2.08627
   1.787
 2.16922
 1.75458
 1.16115
 4.94978
 1.48346
 1.24219
 1.87432
 2.14466
  1.0673
 1.90191
 2.46635
 2.11489
 2.77738
 1.60186
 1.94537
 1.12406
 1.84118
 2.18588
  2.4197
 1.70881
 1.26872
 1.92715
 2.82064
 1.53408
  2.2193
 2.69364
 1.56638
 1.29925
 1.80393
 1.17719
 5.96488
 1.71614
 2.30463
 1.95653
 1.42743
 1.25626
 1.19023
 1.44797
 1.88788
 1.38683
 1.46983
 3.53878
 1.94391
 1.21864
 3.19635
 2.93955
 1.71129
 3.56598
 1.74017
 2.86697
 1.42526
 4.19481
 1.53192
 2.46399
 1.42191
 2.63926
 2.31091
 1.34948
 1.60722
 1.33405
 1.30472
 3.85945
 7.17541
 1.67215
 2.13614
 1.47955
 1.29877
 10.4127
 2.38331
 1.31014
 1.33399
  3.7415
 1.55471
 1.95914
 1.91282
 1.67438
 1.96718
 1.92383
   1.657
 2.07829
 1.38178
 1.77172
 2.46617
 6.55591
  3.3715
 2.54883
 2.69112
  1.4493
 8.87334
 1.36061
 1.43605
 1.53093
 1.48877
 1.24037
 1.15477
 2.07841
 1.85604
 1.21245
 1.89001
 1.81097
 1.65913
 2.65324
 1.64898
 1.64498
 3.47108
 1.40263
 1.11156
 2.82007
 4.95281
 1.62639
 1.67985
 1.65287
 2.63584
 2.21088
 1.87818
 3.56674
 1.77645
 1.72359
 2.07939
 2.30831
 1.60364
 1.70034
 1.24652
 3.52965
 1.30255
 3.38876
 2.25612
 1.77516
0.980143
 1.79092
 5.35437
 2.33276
 1.44164
 1.79431
 1.65443
 1.79481
 1.62159
 2.65437
 1.70429
 1.88383
 2.32692
 1.38087
 3.19242
 3.39647
 1.08786
 1.50106
 1.48319
 1.24189
 1.77824
 1.51936
 1.73358
 4.25994
 1.30878
  2.1345
 1.31034
 4.67599
 1.10692
 1.71704
 1.17748
 2.63638
 1.22425
  1.2641
 1.42744
 1.99171
 2.14547
 1.78088
 2.84117
 1.43567
 1.44475
 1.42822
 2.49734
 1.24085
 1.28139
 3.86078
 3.32763
 2.05312
 2.97488
 2.81947
 1.94626
 1.62006
 2.01379
 4.85832
 1.83418
 1.60843
 1.27977
 1.23635
 1.73346
 2.75486
 1.55593
 1.46891
 1.32411
  1.5243
 1.81949
 1.82094
 1.42389
 1.58151
 2.04563
 2.17648
 1.12272
 1.42266
 5.03258
 3.15785
 1.53529
 2.31514
 1.35415
 1.32646
 1.10026
 1.83545
 1.94934
 1.32148
 1.64412
 1.59045
 1.57376
 2.55532
 1.14934
 1.81244
 2.16127
 1.40364
 1.07611
 1.88803
  1.1883
 1.05141
 3.36812
 1.79532
 1.41744
 1.73172
 1.59058
 2.01525
 1.51149
 1.44709
 1.82275
 1.85616
  1.5445
 1.57996
 1.12613
 2.12006
 1.19775
 1.42361
 2.51128
 1.18059
 1.28932
 1.91854
 1.62205
 1.71279
 4.25573
 1.77536
 4.56675
 2.60858
 2.42097
 1.95994
 6.11859
  1.0836
 1.54537
 1.12402
 1.13588
 1.45703
 7.37579
  2.8378
 1.63739
 1.43431
 1.18638
  1.6368
 1.79291
 11.1488
 1.44503
 2.12761
 1.62866
  4.0233
 1.57134
 1.32447
 1.11886
 1.87177
 1.93108
 1.59827
 4.70352
 1.38212
 1.19133
  1.3024
 2.50841
 5.14395
 1.59905
 3.54413
 2.12331
 1.55326
 1.31235
 1.59252
 1.27607
 2.42824
 2.47039
 2.46535
 2.66034
 1.87063
 2.79342
  1.3928
 1.85982
 1.23895
 1.57864
 1.55041
 1.30384
 6.76993
 1.55903
 2.21299
 2.33871
 1.49876
 2.38336
 1.87245
 1.59948
 1.70953
 1.82105
 3.18089
 2.05723
 1.71294
 3.72007
 1.12739
 2.03695
 1.63074
 1.85902
 12.4396
 1.44125
 1.63968
 1.23961
 1.57647
 1.93821
 2.55882
 2.01715
 1.68615
 2.66235
 1.43397
0.977866
 1.96213
0.951038
 2.81583
 1.35277
 2.48322
 1.59936
 3.23249
 1.03407
 3.05298
 1.49731
 1.27361
 9.08504
 1.77655
 1.83431
 2.30152
 2.13938
  10.062
 3.61772
 1.80802
 2.40779
 1.99517
 3.08545
  1.3986
 1.32731
  1.9929
  1.0814
 1.72909
 3.05156
 1.99182
 1.79692
 1.53016
 2.49395
 2.31127
 1.91228
 1.84821
 1.48648
  2.8298
 3.53788
 1.69902
 1.81704
 1.72768
 1.18776
 11.2156
 2.09549
 1.29762
 1.82293
 1.05405
 1.16499
 1.60837
 1.30681
 2.05815
 2.26812
 1.38914
 2.47876
 1.72081
 2.37698
  2.4418
 1.06905
 2.37511
 2.83805
 2.22347
 2.37512
 2.98395
 2.15248
 3.13673
 1.59699
 1.53378
 1.55564
 1.44651
 1.45419
 1.84351
 1.33054
 1.38676
 1.06926
 1.63724
 1.92963
 1.16964
  1.2432
 1.62964
 2.01649
 2.17528
   1.778
 1.65091
 1.27029
 1.38511
 1.42867
 2.01924
  1.8418
 1.82564
 1.87524
 2.09619
 1.33256
  1.0833
 1.08789
 2.29381
 1.89782
 1.87842
  1.6342
 2.18152
 1.36478
 2.14867
 1.27746
   1.447
 4.44704
 2.02529
 1.27448
 1.40919
 1.34378
 6.10365
 2.07416
 1.97983
 1.27003
 1.37859
 2.29645
 1.61985
 2.24881
 1.61925
 1.84943
 1.44794
 1.57118
 1.60133
 2.18021
  1.3985
 2.46897
 1.25865
 2.59921
 2.56501
   2.632
 2.15534
 1.46479
 1.40217
 1.20283
 3.43976
 2.27117
 1.89976
 1.32159
 1.82772
 4.78768
 2.12092
 4.02356
 1.59838
 1.79141
  1.6506
  2.2474
 4.07915
  4.7069
 4.79432
 1.40569
 2.32453
 1.40574
 2.14852
 1.89621
 2.25476
 1.22057
 1.12322
 1.12285
   1.153
  1.5908
 1.80214
 1.17548
 2.00022
 1.19536
 1.01689
 1.82393
 2.00952
 2.28784
 1.34558
 2.60661
 1.46204
  2.7555
 2.17362
 1.34565
 1.13488
 1.62095
 1.60518
 1.25923
 1.18151
 1.24124
 1.29045
 1.63474
 1.57663
 13.6086
 2.97898
 3.79873
  2.3035
 1.58948
  2.3871
 1.19652
 1.49004
 1.63731
 2.95452
 1.93059
 1.51842
 1.86213
 2.34752
 3.15327
 1.35877
  2.1456
 1.44331
 2.09324
 2.20639
 1.28218
 1.47344
 1.63228
  1.9281
 1.60572
 1.23883
 1.66225
  1.8437
 2.03959
 2.65428
 1.46961
 3.01113
 1.46027
 1.77783
 1.58033
 1.60376
 1.58746
 1.36707
 1.05797
 1.27416
 3.34602
 2.27567
 2.47906
 1.68974
 1.12117
 1.55232
 2.11151
 1.59575
 1.20496
 2.94267
 1.94955
 2.34361
 1.39385
 1.29297
 1.57854
 1.53061
 1.68984
 1.74251
 1.87664
 3.19712
 1.32837
 3.13401
 1.67452
 2.64939
 1.29291
  1.2947
  1.4513
 1.33758
 1.39844
  1.4038
 1.73078
 1.81675
 4.15802
 8.35206
 2.06328
 1.54615
 1.42446
 1.83645
 1.17283
 1.09411
 1.94005
 2.85049
  1.7409
 1.26314
 1.24519
 2.21812
 1.96448
 3.77094
 2.04761
  1.7209
  1.4853
 2.14471
 4.78896
 2.19204
 4.81184
  1.7437
 1.65572
 2.46657
 2.38802
 2.84103
 2.61256
 2.21105
 1.21311
 3.22836
 1.33646
  2.2599
 3.22041
 1.54937
 1.61159
 1.17127
 1.71351
 2.57779
 2.65784
 1.62427
 3.25344
 1.24627
 3.53464
 1.13904
 1.71506
 4.74931
 1.32212
0.967203
 1.42043
 1.62567
 2.34246
 1.55448
 2.14586
 1.40965
 2.38967
 1.77895
 2.26151
 1.37559
 1.33644
 1.47067
 1.75527
 2.14406
 1.66686
 1.47508
 2.64497
 1.00568
 1.67159
 2.28429
 2.36534
 1.12818
 2.18247
 1.91445
  2.7515
 1.59334
 1.36375
 1.69803
   1.321
 1.21607
 1.15234
 2.01036
 1.11444
 2.15924
 1.83296
 1.89043
 1.59907
 1.68987
 1.20136
 1.35614
 1.95958
 2.10862
 6.63035
 1.10368
 1.62612
 2.83963
 1.79092
 1.87266
 3.08359
 1.88517
 2.80347
 1.36282
 2.16331
 1.09058
 2.07053
 1.93902
 2.28897
 1.23998
 3.54228
 2.54891
 2.86741
 3.39394
 2.84371
 1.36747
 4.53572
 2.98825
 1.68637
 1.67742
  2.0946
 1.88615
 1.98581
 1.39536
 2.19262
 2.88495
 7.71805
 1.34194
 4.85022
 1.53529
  1.8831
 1.42972
  1.8757
 3.83253
 1.38568
0.993685
  1.9634
 1.50277
 1.70416
 1.40087
 1.38936
 1.10699
   1.489
 3.54788
 1.43773
 7.15825
 1.57145
 4.28898
 2.69985
 1.69291
 1.66024
 1.25001
 2.33383
 1.53542
 1.49767
 1.08197
 1.86702
  1.2339
 2.38638
 1.32786
 1.63518
 1.35319
 2.21952
 1.84742
 1.41776
 1.76561
 2.92662
 3.08401
 2.23177
 1.53726
 3.28989
 3.93335
 1.45831
  3.7783
 2.77889
 1.37351
 1.11896
 1.86681
 3.44876
 1.44296
 1.63852
 2.65746
 2.52399
 1.34362
  1.7069
 1.35435
 1.31347
 1.92665
  2.1238
 1.19397
 1.58488
 1.26637
 1.55917
 1.11664
 1.09242
 1.95031
 2.09669
 1.22544
 1.08723
 1.49155
 1.21841
 1.41169
 1.40838
 1.75498
 1.23415
 1.46463
 1.38667
 2.09494
 2.04411
 1.39965
 1.80725
 1.71623
 3.32923
 6.58809
 2.28177
 1.69238
 1.28607
 3.98937
 3.14267
 2.48242
 1.85209
 1.37985
 2.07912
 1.20064
  2.4603
 1.28097
 1.85315
 6.67809
 1.31524
  2.4863
 1.11009
 1.86781
 15.0264
 2.05714
 1.47677
 1.41267
 1.90358
 1.14238
  1.3624
 1.67278
  4.3489
 1.66665
 3.06874
 1.89981
 2.78778
 1.96792
 1.57787
 1.14529
 1.46391
 2.07049
 1.83929
  1.4347
 1.03962
 2.97006
 1.70855
  1.1244
 1.67608
 1.61236
 1.97982
 2.50403
 7.45073
 1.80307
 3.11512
 1.91162
 3.16066
 1.62508
 1.15644
 1.31899
 1.19692
 1.74724
 2.25959
 1.31352
 2.12817
  4.4409
  1.7951
 2.11158
 2.48485
 1.23546
 4.92375
 1.90521
 1.41507
 1.75818
 4.19137
 1.07127
 2.19196
  1.8718
  1.5482
 4.42935
 1.34179
  3.0175
 1.18727
 2.07539
 1.06355
  1.4692
 1.39288
  3.2545
 2.22535
 1.18557
 1.39769
 3.51076
 1.17643
 2.58597
 1.42099
 1.29207
 6.93938
  1.5702
 1.63369
 1.76975
 2.22641
 1.51222
 2.57896
 1.67761
 1.68772
  1.7999
 1.29888
 1.59425
 1.21826
 1.84396
 2.10558
 2.44668
  1.2532
 1.40341
 1.60106
 3.81546
 1.72534
 1.17046
 2.04461
 1.51409
 2.31363
 2.41966
  1.5438
 3.29748
 3.13486
  1.1039
 1.35875
 3.00748
  1.5714
 2.61472
 1.13078
 1.62746
 1.70452
 4.63376
 4.96801
 1.46332
 1.06686
 1.68087
 1.34068
 2.59435
 1.28985
  2.9176
 2.14292
 1.48862
 2.28388
 1.78126
 2.64377
 1.63247
 1.45756
 2.88016
 1.03904
 2.91954
 1.74935
 2.07602
 1.89717
 1.38332
 2.19271
 1.06669
 1.38327
 1.58051
 1.33092
 1.77969
 1.33908
  1.0519
 1.65059
 1.78491
 1.43913
 3.71374
   1.997
 1.63582
 4.76074
 1.10842
 3.89935
 1.65427
 3.43177
  1.3846
 3.12748
 1.90813
 1.34732
 2.87083
 1.87555
 1.62923
 2.17089
 1.89595
 1.18007
 1.48559
 14.3228
 1.83086
 1.38646
 1.49145
 1.56829
 3.02858
 1.71278
 2.10866
 1.15507
 1.49543
 1.81995
 1.20884
 1.54385
 1.35089
 2.76774
 1.41925
  1.6804
 1.92085
 1.28883
 1.82917
 1.22482
 2.46891
 2.60985
 2.57505
 1.51192
 3.43145
  1.4845
 2.54194
 1.90925
 1.95813
 1.41931
 2.05582
 2.39697
 1.24913
 1.45989
 1.76877
 1.25151
  2.3574
 1.70389
  1.9571
 1.89119
  1.5343
 2.24806
 1.15197
 1.68913
 2.13105
 1.17719
   2.201
 1.76431
 1.52964
 1.65874
 2.32448
 1.34479
 2.43845
 1.62587
 2.29447
 1.31548
 1.39858
 2.02211
 1.37343
  3.1665
 1.65896
 1.70434
 2.09975
 1.83251
 1.19939
 2.03115
 1.17259
 1.31086
 1.39896
  2.2959
 2.92973
 1.27419
 1.39393
 1.54102
 1.50297
 1.35746
0.947768
 1.56681
 1.25145
 2.03236
 1.14465
 1.50782
 2.24816
 2.74807
  1.6545
 1.88292
 2.10643
 1.84641
 1.62394
 1.40694
  1.1221
 3.35371
 1.24835
 10.4939
 1.37036
 1.41453
  1.2046
  1.5141
 2.15393
 1.31269
 1.69599
 1.55344
 2.02438
 1.60846
 1.37999
 2.13322
 1.37951
 2.72371
 1.09577
 1.64035
 1.24599
 1.45732
 1.79599
 1.28879
 1.38612
 1.30794
 1.32223
 18.6788
 1.28819
 1.47464
 1.51519
 1.79014
 1.30929
 1.47952
 2.01839
 3.15683
 1.88295
 1.30299
 1.56447
 2.44124
 2.06733
 1.56873
 2.79228
 1.18909
 1.10683
 1.29398
 3.01986
 22.9321
 4.71651
 2.16276
 2.49481
 2.25459
 2.71703
 2.01878
 2.14058
 1.14434
 1.73793
 1.62053
 2.93558
 4.02764
 2.34405
 1.74498
 1.77979
 1.79875
 1.39889
 1.27396
 2.91173
 2.59265
 2.31533
 2.04089
 1.71925
 3.76902
 4.66694
 1.36862
  1.3247
 1.75328
 1.48436
   1.953
 1.57232
 1.88406
 1.87361
 1.25243
  7.7888
 1.49406
 3.33321
 2.38627
 1.21595
 1.09539
 1.63857
  1.3326
 1.22671
 1.30288
 2.07839
 1.56849
 1.15324
 1.38862
  2.0424
 1.79182
 1.03096
 5.46432
  1.7443
 1.91772
 1.21631
 1.73179
 1.65463
 1.10245
 2.24966
  2.0557
 1.19295
 1.57091
  1.2708
 1.72156
 1.15878
 1.77451
 1.56028
 1.63969
 1.12803
 2.28732
 1.21812
  1.4525
 3.26195
 1.14572
 3.16403
 1.40605
 2.19426
 3.73273
0.978871
 1.43629
 2.50925
 1.15187
 2.13533
 1.26378
 2.54994
 2.32491
 1.67161
 1.11447
 1.78633
 1.71684
 2.00451
 1.24051
 2.19394
 1.22637
   2.688
 1.24754
 1.38491
  1.4243
 1.37099
 1.52465
 1.27454
 1.98197
 1.76989
 1.33628
 1.63385
 1.92869
 1.67791
 2.28169
 1.03224
 1.45085
 2.16708
 2.17446
   3.264
  2.7991
 1.26915
 1.46585
  1.6743
 1.51285
 2.68444
 1.55146
 1.81778
  4.1709
 4.16368
 1.30936
 1.70861
 1.42411
 1.30107
  1.4563
 1.07744
 2.07607
 1.59294
 2.21788
    1.87
  1.5474
 1.86617
 2.24404
 2.18164
 1.29668
 1.58401
 14.8809
 1.88492
 1.36757
  2.4148
 1.26835
 1.33145
 1.73815
 1.48397
  1.5016
 1.33727
 2.35168
 1.80077
 1.87455
 1.64394
  1.9593
 1.47308
 1.26511
 2.34062
 1.39272
 6.43187
  1.0566
 7.96423
  1.6988
 2.14674
 2.15125
   1.418
 2.19162
 2.01984
 1.55904
  1.4331
 1.99073
 2.52592
 1.47948
 2.24475
 1.36881
 1.29205
 1.15918
 1.19436
 1.22165
 2.27001
 1.29254
 2.17155
 3.14384
 3.45001
 1.16436
  1.2644
 1.58517
 31.1844
 2.45538
   1.716
 2.59401
 2.10154
 1.17383
 2.21168
 1.70007
 5.06869
 2.47515
 11.0668
 1.51456
 2.00138
  1.1651
  1.8628
 1.88385
 2.59287
 1.29486
 2.96352
 2.08329
 1.88986
 1.64989
 2.16649
 1.10412
 2.48905
 1.32354
 2.95882
 2.81979
 2.77876
 1.24308
  2.2023
 1.56671
 2.04136
 1.74182
   2.196
 1.44167
 1.02534
 1.58439
 1.95638
 1.72433
 1.98919
 1.22385
 1.11811
 1.88444
 1.31029
 1.93106
 1.97261
  1.8958
 2.46987
 1.65905
 1.84521
 1.22262
 3.47338
 1.33987
 3.79719
 1.96996
 1.35653
 1.80212
 1.45733
 1.83654
 6.18972
 1.30961
 1.85918
   2.803
  2.1316
 2.47922
 1.33576
 2.33727
 1.29402
 1.85575
 2.11192
 1.24618
 1.85613
 1.38483
  1.2163
 1.94041
   1.546
 1.69101
 1.42761
 1.34382
 1.22235
 1.54062
 8.89808
 1.91894
 1.29606
 1.01537
 1.30179
 2.71613
 1.30616
 1.53944
 3.03109
 1.33442
  1.4708
 1.18031
 1.43593
 2.37485
 1.76291
 12.0433
 2.15068
 1.64599
  1.3009
 1.52543
 1.41718
   3.258
 1.99779
 3.73827
 1.67394
 1.79384
 2.84833
 2.94265
 1.58214
 1.27782
 1.27861
 3.44302
 1.50224
 1.96573
 3.32166
 1.22511
 1.62437
  2.7718
   1.427
 2.15002
 1.51229
 1.75787
 2.61436
 1.60543
 1.73337
 2.55086
  1.2953
 2.96054
 3.24194
 2.77509
 1.55404
 2.55796
 2.59048
 1.18457
 2.02167
 1.33323
 1.73573
  2.8163
 1.71147
 1.47964
 1.69873
 1.12959
 1.66902
 1.57501
 1.57875
 1.42581
 1.48792
 6.16778
 1.62859
 1.79123
 3.57956
 3.58468
 5.91845
 2.73162
 1.49723
 4.83593
 1.80915
 1.89624
 1.83847
 13.2183
 2.33648
 2.17949
 2.16035
 1.87998
 3.37678
 1.28719
 1.90231
 1.44438
  1.9249
 2.55203
 3.68337
 2.66184
 3.04162
 1.90029
 1.25481
 2.01677
 2.31754
 1.20212
 2.69963
  1.4877
 1.68559
 1.53303
 1.33584
 1.55503
 1.85933
 5.55936
 1.10819
 1.66169
  1.6411
 1.96191
 1.22619
 1.55263
 1.63049
 3.80603
 3.67438
 1.30838
 1.28691
 2.64721
  2.3579
 1.64621
 1.28215
 1.96384
 2.77585
 1.63079
 1.76451
 1.28094
 1.87369
 1.19239
 2.17645
 1.75357
 1.63894
 1.79982
 1.71232
 1.82646
 1.49444
   1.919
 1.80354
 1.80866
 2.34331
 2.24832
 1.42003
 2.67203
 1.99509
 1.35358
 2.16719
 1.40674
 2.23966
 1.28122
 1.57928
 1.52727
 1.79758
 1.19187
 2.01475
 1.51394
 2.55336
 1.64091
 1.71974
 1.42789
 1.89963
 6.38902
 1.59085
 2.01798
 3.74652
 2.70013
 1.82217
 1.77918
 1.44236
 1.55231
 1.88335
 1.15191
 2.78501
 1.38272
 1.65029
 2.16685
 2.84191
 2.12417
 1.18574
 1.52678
 1.45408
 2.92631
 2.28597
 1.76738
 2.15269
 2.27426
 3.67704
 1.24127
 2.24026
 1.15306
 1.49165
  1.1026
 3.04221
 1.11218
 1.47397
 1.10234
 2.80098
 1.25797
 10.5133
 1.37219
 2.90827
 3.19555
 1.38587
 2.05092
 1.76279
 1.66437
 1.27146
 3.20316
 2.00456
 1.17829
 5.83521
 3.85456
 1.65335
 3.33657
  1.2961
 1.85002
 1.74602
 2.83895
 1.29004
 1.48141
 1.55356
 1.34272
 1.45437
 1.80215
 1.08075
 2.77455
  2.0282
 2.06215
 1.83369
 2.37375
  3.5403
 1.26286
 1.15893
 1.36813
 1.41416
 1.19431
 1.32089
 1.52189
 19.3405
 2.20635
 1.27201
 1.27217
 1.25074
 1.41684
 1.62371
 1.33129
 1.30114
  2.4946
 1.14954
 1.92498
 1.65967
 1.55237
 1.17978
 2.01411
 1.47188
 1.27118
 8.06624
 1.51059
 1.03282
  2.2238
 1.74158
 1.48842
 1.49008
 1.34344
  1.0223
 1.34868
 2.58244
 2.07229
 2.26812
 4.87492
 1.54685
 1.65522
 2.09553
 1.58108
 2.30062
 1.21717
 3.22405
 9.80957
 2.67764
 2.68632
  1.9535
 1.65078
 2.12804
 1.47634
 1.18746
 1.83733
 2.49116
 1.51598
 2.49844
 1.18903
 1.45882
 1.41263
  1.1719
 2.01173
 1.81763
 1.06443
 1.94289
 1.20793
 1.37216
 1.11863
 1.64552
 1.71866
 1.94372
 2.48969
   1.369
 2.26444
 2.01414
 2.01707
 1.43634
 3.34172
 1.19902
 1.62972
 4.57115
    1.96
 3.22201
 1.51748
 1.99219
 2.86777
 2.21713
 1.82097
 1.33767
 1.64945
 1.38226
 4.49384
 1.12978
 2.35475
 2.47716
 2.09251
 1.77242
 2.95896
 1.22114
 3.93938
 1.97251
 2.28113
 2.39428
 1.27117
 1.29325
 1.86216
 1.26872
 2.57923
 3.56175
 1.04434
 1.01096
  2.3315
 1.32973
  1.4386
 1.89224
 2.30069
 2.89151
 1.03079
   1.762
 1.18968
 1.65552
 1.71652
 2.53483
 1.88647
 2.61393
 1.56403
 2.32054
 1.65091
 1.82043
 1.61101
 1.51437
 2.05333
 4.36533
 1.23496
 1.25074
 1.70043
  1.3882
 3.29796
 7.89899
 2.02877
 1.22878
  1.5258
 2.92782
 1.32867
 3.52574
 2.24304
 1.84923
 2.58354
 1.30378
 2.39403
 3.13013
 1.21446
  1.1088
 2.11999
 1.88708
 1.68959
 3.17439
  1.5682
  3.3455
 1.21356
 3.00165
  2.0081
 2.01887
 2.21778
 2.07969
 3.29363
 1.95783
 1.07966
 3.41108
  6.0953
 1.47114
 2.51013
 1.93251
 2.00569
 2.46118
 1.68575
 1.22048
  1.6432
 2.05801
 1.55629
 3.00216
 1.75073
 1.81702
 1.05323
  1.9165
 1.92307
  1.5702
 4.45772
 1.97819
 1.18462
 1.28233
  1.4682
 2.23121
 6.73426
   1.302
 1.44145
 1.51221
 1.93351
 12.3125
 2.24142
 1.35849
 4.75841
   2.072
 1.26369
 1.18535
 1.61355
 1.62511
 1.33466
 1.67291
 1.35454
  1.9217
 2.01229
 1.33147
  1.7606
     1.9
 1.51727
 1.74559
 2.39924
 1.97337
 1.41638
 1.29665
 2.52899
 1.53258
 1.31809
 1.98253
 1.28201
 1.61945
 4.16021
 1.56826
  1.6138
 2.38616
 2.17267
 1.19146
  1.2942
 1.05702
 1.40471
 2.76939
 3.51497
 2.61383
   1.977
 1.85227
 1.35208
  2.4592
 1.31379
 1.88225
 1.50687
 1.53866
 1.94666
 2.29068
 20.7498
 1.88081
 1.56494
 1.13665
 1.54349
 2.12885
 1.50007
  3.1332
 1.80149
 1.72597
 1.41152
 1.41752
 5.80789
 1.45741
  1.8802
 3.45992
 2.48833
 1.49805
 1.81728
  1.2502
 1.27275
 3.37026
  1.6085
 1.59634
 1.53118
 1.68307
 1.46829
 6.13753
 2.51186
 2.38961
 2.84336
 6.20221
 1.50898
 1.43579
 1.26694
 1.59459
 1.44611
  9.1937
 1.66316
 1.34869
  1.0669
  17.499
 1.34561
 1.70723
 1.36654
 2.64664
 1.51863
 2.63794
 1.14155
 3.25305
 3.63799
 1.48007
 1.83005
 4.80836
 1.64009
 1.35997
 4.66764
 1.55238
 1.26326
 1.21757
 2.30637
 1.40541
 2.18205
 1.55397
  1.7447
 2.11469
 3.23514
 2.12544
 1.77237
 1.33903
 1.82889
 1.28584
 2.65123
 1.17818
  1.3136
 1.76596
 2.21836
  1.9533
 1.48772
  1.5455
  1.8371
 1.57314
 4.43409
 1.78128
 1.49414
 2.54058
 1.47227
 1.67196
   16.48
 1.48402
 1.11451
 2.05899
 2.13568
 1.43685
 1.90104
  1.2052
 1.74046
 2.79465
 1.64248
 1.59523
 1.22179
 3.60941
 1.43888
 1.70742
 1.40239
 2.37817
 1.44944
   1.294
 1.42481
 3.29088
  1.4204
 1.27614
 1.74164
  2.2981
 1.27024
 1.65576
  1.5653
 1.17216
 2.13928
 1.85065
 2.31911
 1.74076
 1.86009
 2.25153
 4.11538
 1.42514
 1.35624
 1.36402
 1.43267
 2.46344
 1.89561
 3.14982
  2.6928
 2.11966
 1.38121
 1.53027
 3.13416
 2.04965
 1.64031
 1.79188
 2.37154
 5.42748
 1.57887
 1.30201
 2.82311
 3.70064
  1.9674
 3.60597
 1.47894
 2.02292
  1.8184
 2.57376
 1.82795
 2.65045
 1.88094
 2.37504
 1.72818
 1.50801
 1.66111
 1.66668
 1.50413
 1.46109
 1.26522
 1.32526
 1.17138
 1.76921
 3.19493
 2.39736
 1.17063
 1.20735
 1.20245
 1.32758
 1.51915
 2.94432
 2.38999
0.989657
 1.21377
 1.34381
 1.71474
 1.63339
 2.06988
 2.32779
 1.51356
 1.68039
 1.43106
 2.80854
 1.66844
 1.26405
 1.56033
 1.82764
 2.16356
 1.59722
 1.79242
 2.71508
 2.51387
 2.04447
 3.07526
 2.08494
 1.75407
 1.57132
 1.25589
 1.73128
 2.51472
 1.10312
0.924653
  1.5567
 1.87588
 1.95222
 1.95052
 1.41085
 2.25758
 1.35359
 2.29079
 1.35026
 2.09203
 2.52938
 2.12371
 1.77834
 3.73963
  1.5677
 1.89559
 2.14146
 2.09627
 1.12005
 2.06112
 1.28622
 1.22857
 1.50587
 1.77465
 2.10024
 2.25942
 2.32333
 5.19591
 2.61799
 1.52645
 4.09563
 1.70727
 2.96448
 1.49412
 1.61914
 2.28831
 1.34712
 1.61681
 1.74103
 3.28406
 2.04763
 1.54989
 1.87301
 5.89301
 1.66979
 1.56589
  2.4913
  1.3152
 2.09295
 2.04028
 2.25009
 4.12002
 1.94502
 1.34765
 2.77458
 1.57677
 1.30927
 1.89811
   1.624
 1.98047
 1.08294
 2.16872
 1.45717
 2.24832
 1.81285
 1.33793
 4.21001
 1.77017
 1.20245
 3.20824
 1.44227
 1.26585
 1.63532
 1.31583
 2.16541
 1.31834
 1.56921
 1.61826
 1.13613
 3.50092
 1.51496
 1.47001
 2.22362
 1.05777
 1.95824
 1.77333
 3.02482
 1.92378
 1.27907
 1.61415
 1.97464
 1.31071
 2.06974
 2.13078
 2.79706
 1.30822
  1.6337
  1.1293
 1.39203
 1.88945
 2.51162
 1.42749
 1.81353
 1.64876
   1.286
 5.27179
 1.89468
 2.99035
 1.45571
 1.32836
 1.31978
 2.39456
 3.02405
 1.76406
 2.25684
 1.52494
  1.8719
  1.4808
 1.36467
 4.48435
 1.23837
 2.03039
 1.54271
 1.13405
 3.35726
 3.14142
 4.24057
 2.30889
 1.77512
 1.39138
 1.84067
  2.0252
 3.61879
 1.31643
 2.61132
  1.9868
 1.73479
 1.39394
 3.98082
 2.36254
  1.9695
 1.37046
 3.23526
 2.97914
 1.73466
 2.34917
 2.24415
 5.11285
 1.23685
 2.02243
  2.2511
 2.07995
  1.3179
 2.56011
 1.48203
 1.46538
 2.32791
 1.18407
 6.10666
 1.28339
 2.99352
 2.91947
 1.48733
 1.97268
 1.64004
 1.98234
 2.86526
 4.18415
  1.4377
 2.15083
 1.69696
 1.30996
 1.48028
 1.51353
  2.0892
 1.31541
 1.57765
 1.73874
 3.52241
 1.50861
 3.04193
 3.63679
 1.47072
 1.21799
 1.48772
 1.24258
 1.91381
 1.19572
 2.06108
 1.50559
 1.05847
 1.35855
 4.31623
 1.58467
 1.38765
 1.55977
  1.5354
 2.42714
 2.29994
 1.70447
 1.32564
   2.392
 1.66882
 1.35712
 1.61094
 1.24795
  1.2113
  1.2962
 1.09439
 1.96586
  1.9729
 1.83079
 1.75003
 1.26747
 1.68718
 1.58532
 1.90111
 2.89351
 1.94072
  1.2558
 1.40994
 2.31775
 1.07616
 1.33395
 1.56282
 1.49437
 9.59947
 1.39672
 4.78283
   2.325
 6.88572
 1.47061
 1.43534
 2.51536
 1.29362
 1.31224
 3.58247
 1.67246
 1.05603
 1.19716
 1.35244
 1.85223
 1.94344
 1.86863
  1.6154
 1.38575
 1.46414
 1.42931
 1.67138
  1.9166
  2.3866
 4.00152
 1.85144
 1.78973
 2.46442
 1.41171
 1.37478
 2.64054
  1.8581
  2.7734
 1.42678
 2.48707
 1.66159
 1.72647
 1.38812
 2.39436
 1.62018
 1.67567
 2.60344
 1.81398
 1.77334
  4.5403
 1.72903
  1.2188
 1.38351
 1.83683
 1.65396
 1.21664
 1.98948
 2.57132
 1.21439
  2.7679
 2.24306
 1.29938
 1.39247
 1.54835
  2.6882
 1.21946
 1.61105
 1.44676
0.959325
 2.36558
 2.16782
 1.50548
  1.4724
 1.53022
 7.41133
 1.67924
  1.3817
 1.19356
   1.705
 2.06739
 3.76871
 1.26409
 2.68718
 1.80406
 1.61704
 1.31438
 9.29681
 7.86455
 3.81707
 1.14752
 2.83337
 2.16309
 13.1297
 4.98073
 2.47056
 1.94543
 1.27445
 1.82812
 1.59035
 2.08725
 1.91416
 5.65346
 1.45515
 1.40533
 1.44454
 1.63542
 2.14554
 1.58898
 1.36974
 1.20421
 1.82864
 4.62457
 1.39016
 1.97206
 1.40241
 1.68513
 1.18551
 1.89458
  2.0008
 1.97876
 1.46867
 4.08467
 1.59031
 1.91155
 1.19614
 1.37922
 3.00017
 2.16067
 1.37036
 1.87564
 1.17552
 1.41222
 2.40677
 1.35635
  1.3981
 11.1604
 1.39353
 2.08076
 2.17188
 1.69454
 3.26499
 1.72554
 1.56691
  1.6651
 1.62682
 1.27342
 2.48091
 2.09169
 1.50981
 2.40399
 3.56722
 1.49457
 1.76537
 2.24778
 1.42838
 1.29105
 1.98259
  1.4361
 2.02091
 2.96786
 1.16494
  2.1392
 3.19155
 3.95658
 1.21709
 1.33586
  2.2466
 2.93927
 1.54227
 1.50291
 1.40373
 1.64552
 18.2566
 1.64664
 1.33835
 1.12829
  3.8453
 1.70885
 1.64603
 1.53229
 3.02088
 1.48469
 1.76993
 4.62823
  5.4545
 1.26103
 2.34861
 1.45716
 1.55295
 2.32167
 2.69501
 1.06787
 2.85509
 1.42644
 2.10333
 3.67669
 4.42293
 3.81246
 1.41737
 1.50249
 1.27385
 1.89443
  1.4109
  1.3797
  2.1529
 3.17022
 1.78391
 1.08568
 2.07214
 1.81127
 6.94808
 1.72399
 1.40952
 4.25126
 2.08576
 1.36948
 1.79179
 1.84898
  1.8699
 2.87755
 6.92994
 1.67605
 1.36779
 2.79094
 2.14009
 1.39097
 2.65474
 5.73198
 1.82969
   1.575
 2.74952
 1.13143
 1.92854
 1.29961
 1.47193
 3.54826
 2.70284
 1.31971
  3.7615
  1.6227
 1.31382
 2.49614
 2.19769
 1.22804
 2.59119
 2.80198
 3.56687
 1.06638
 1.49775
 2.12311
 2.01988
 2.37562
 6.03207
 3.53961
 1.45862
 3.16399
 3.66614
 4.45205
 2.32977
 1.35816
  3.9828
 1.13986
 7.29273
 1.93494
 1.75022
 2.04308
 2.86066
 3.29077
 15.1716
 1.28774
 1.24748
 1.91342
 1.15619
 1.52094
 1.73296
 2.42361
 1.94423
  2.9599
 1.85663
 1.49442
 1.72127
 1.54661
 2.39951
 4.77775
 2.08858
 6.40643
 2.22761
 3.85722
 2.91235
 1.32139
 1.81827
 3.06554
 2.77058
 1.59216
 1.39084
 3.37664
 1.45804
 1.53761
 2.09308
 1.67058
 1.79525
 1.25832
 1.24599
 1.53499
 1.27017
 1.70013
 1.36102
 1.80332
 1.37954
 1.61992
  2.1577
 1.51629
 1.50879
 1.20698
 2.32585
 1.42575
 1.12354
0.959899
 1.58825
  6.1029
 2.51515
 1.41082
 1.81656
 1.33562
 20.9793
 1.90366
 1.74029
 5.14886
 2.24825
 1.34981
 1.11729
 2.11081
 1.16805
 2.24438
 1.55117
 5.51678
 3.10789
 1.43061
 1.56507
 1.02782
  1.5597
 1.50969
  2.0124
 1.94823
 2.94889
 1.67999
 1.90959
  2.5891
  1.5892
  2.6804
 1.70635
 1.26272
 1.86367
 1.21821
 1.99729
  2.1866
 3.43189
 1.42855
 2.27199
 3.30925
 1.92554
 1.18531
 1.56172
 1.94628
 1.18804
 2.51525
 1.53044
 1.63843
 1.35898
 1.89891
 1.98195
 2.02405
 1.07051
 4.47675
 1.16655
 2.52611
 1.27466
  1.3647
 1.90132
 1.34533
 2.86883
 6.21682
 1.83025
 2.79166
 1.63232
 1.40261
 1.52419
 1.57984
 2.66129
 1.87693
 1.88495
 1.47481
 2.16142
 1.89902
 3.13806
 1.31219
 2.06438
 1.47048
 1.43999
 1.86318
 1.26411
 1.78985
 1.59726
 2.00461
 1.58075
 1.25084
 1.22699
 1.24462
 1.23644
 1.73157
 1.61557
  1.6782
 5.59096
 1.48328
 1.27112
  2.0587
 2.22521
 2.11974
 1.95355
 1.77142
 8.27298
 2.11444
  2.8055
 1.52117
 1.48389
  1.9431
 2.50708
 2.49283
 1.39973
 2.02104
 1.04101
 2.50004
 1.82419
 1.32791
 3.32923
 1.28335
 3.04527
 1.47388
 1.43215
   1.894
 1.59379
  2.2902
 1.25242
 1.64072
  1.1108
 4.27455
 1.65131
 1.95087
 3.42199
 3.69154
 2.50462
 1.54854
 3.96811
 1.19029
0.977327
  1.1802
 3.40685
 1.85287
 2.48171
 1.19929
 1.35322
 1.35282
   3.368
 3.00962
 2.18639
 2.51627
 1.03586
 5.47513
 1.78237
 1.82989
 1.11282
 2.11564
 2.41258
 3.35481
 1.10494
 1.77052
 3.69847
 1.27896
 1.01838
 1.40269
  1.2549
 1.42059
 2.03927
 1.05987
 2.99745
 1.96388
 1.81473
 1.81169
  1.4392
 1.46767
 1.65929
 1.47501
 2.10247
 1.85281
 1.76507
 1.82253
 1.93044
 2.00119
 1.46746
  1.4184
 1.60578
 1.76527
 4.83045
 1.53891
 17.0696
 1.31496
 1.86829
 1.28592
 2.78743
 1.84855
 1.91443
 1.50011
 1.72008
 4.03985
 2.24446
 1.46675
  1.0962
 2.39697
 3.05085
 2.52251
 3.65999
  1.4799
 1.51824
 2.16188
 1.76974
 1.54747
 1.72144
 2.41308
 1.19784
 1.91154
 2.05113
 1.47518
 1.33138
 1.52733
 1.60909
 1.41829
 1.21315
 1.12131
 2.02988
 1.55323
 1.66416
 3.10135
 3.00241
 2.04988
 1.28836
 1.19089
 1.27437
 2.63426
  2.0138
 1.04579
 1.03443
 1.16437
 1.76371
 1.73029
  1.7254
 2.25958
 2.57109
 5.12593
 1.08834
 1.92679
 2.11482
 1.96212
 1.27624
 2.12068
 1.04516
 1.27013
 2.17209
 1.14354
 2.62379
 1.51492
 2.86319
 2.33521
 2.69615
 1.42734
 1.98406
 1.29985
 1.95976
 1.10203
 1.95262
 1.25233
 1.93152
 1.14625
 2.67088
 2.61632
 0.95421
 1.59518
 2.25007
  1.8108
 8.15833
 2.37871
 2.45734
 1.16728
 1.36808
 1.89174
 1.11384
 1.37995
 5.87799
 1.68585
 1.42456
 1.76055
 1.18449
 1.69867
 2.80157
 1.25759
 2.34321
 1.48138
  3.1298
 2.00264
 4.86367
 3.17557
    1.39
 1.19166
 1.60891
 1.78959
 1.51469
 1.26074
 2.21273
 1.51755
  1.9978
 1.57553
 1.48561
 1.41654
 1.57679
  1.3327
 1.63747
  1.1508
 1.62298
 1.21885
 1.54603
 1.68183
 1.61042
 1.75413
 2.38116
 1.83354
  2.5607
 6.20423
 1.69599
 3.23549
 1.27012
 1.24022
 1.69558
 1.17309
 1.78697
 1.29264
 2.04265
 1.91962
 2.60939
  2.3701
 2.34706
 2.80534
 1.26731
 1.76563
 3.03531
 6.53856
 1.78937
 1.24039
 4.05875
 1.51427
 1.68571
 1.99202
 4.89368
 1.90023
0.956967
  2.4475
 2.14368
 1.48795
 1.38788
 2.30268
   2.642
  1.8492
 2.08438
 2.16831
 1.76625
 1.15771
 1.46723
 1.79135
 7.66386
 1.39919
 1.35448
  2.0135
 4.09867
 1.81098
 1.37568
 1.55224
  1.5174
 2.26535
  1.2411
 1.48356
 1.78332
 2.42186
 1.51203
 2.59733
  4.1355
 1.58281
 2.42317
 1.61041
 3.25337
 1.50957
 1.97945
 1.73615
 3.27557
 1.69562
 1.79318
 1.19645
 1.44689
 1.85429
 1.37359
 1.32096
 1.65604
 1.97639
 2.46484
 2.41842
 1.95645
 1.26494
 1.40676
 3.50666
 1.44385
 2.28996
  3.1079
 3.55111
 1.11809
 12.2531
 1.74242
  1.8684
 1.84459
 1.31935
  1.9629
 2.48559
 2.79827
 1.99909
 1.71667
 1.19337
 1.76123
 1.51942
 1.70048
 2.18031
 2.11489
 4.69946
 1.18007
 1.17862
 1.63353
 1.99646
 1.17492
 1.11185
 1.44981
 1.94354
 11.6219
 1.77878
 1.90309
 1.78832
 1.26312
 1.79098
 1.01069
 1.47421
 1.67597
 2.70465
 2.28333
 2.94333
 1.79673
 5.46686
 7.97815
 1.60913
 1.77169
 1.85411
 1.85724
 2.17817
 2.45923
  1.1177
 1.50335
 1.87444
 2.63978
 1.22907
 1.45753
 1.35928
 1.66782
 2.78503
 2.50411
 1.66418
 1.89373
 4.76307
   1.103
 1.88942
 2.17741
 2.46641
 1.34842
 1.13348
 1.27183
 1.24726
 1.65096
 5.28073
 6.16398
 2.68017
 1.79362
 2.32148
 2.79225
 1.50798
 1.69916
 1.52313
 3.92721
 1.39982
  1.5095
 1.86913
 1.36349
 1.92917
 2.42708
 1.07842
 2.04825
 1.89938
 1.50441
 1.08699
 1.81691
 1.14884
 1.16646
 2.72589
 3.47665
 1.97469
 10.4615
 1.42337
 1.17828
  1.3178
 2.21678
 1.99601
 1.42798
 1.09359
 2.01518
 1.74593
 1.88041
  2.3804
 1.93555
 2.55661
 1.85763
 1.83692
 1.13436
  1.2958
 1.81497
 2.13283
0.943915
 1.89699
 2.05354
 2.26714
 2.85882
 2.75837
 1.57501
 1.41996
 1.22767
 1.10628
 1.92446
 7.02821
 2.63329
 1.83162
 1.70577
 1.86992
 1.56506
  2.7413
 1.42178
  2.3422
 1.31904
 1.82412
 1.79664
 1.14887
 3.20908
  1.1638
 1.49533
 1.17549
 1.08014
 1.45418
 2.05532
 2.15747
  1.5533
 3.16694
 1.15137
 1.57981
 1.14607
 1.38982
 1.43049
 1.84251
 1.13968
 2.76775
 2.44307
 1.16597
 1.49657
 7.23584
 1.78068
 7.92695
 1.22691
 4.80418
 1.89995
 1.21335
 1.56219
 2.04408
 1.22497
 1.73898
 4.55785
 2.15132
 1.20862
 1.63904
 1.45548
 1.24811
 1.05841
 1.09873
 1.95379
 1.53138
 1.62636
 1.56887
 1.91127
 1.27617
 3.37884
 1.91667
 1.25828
 2.50366
 2.99642
 1.54139
 2.02025
 1.24578
 1.43134
 2.59108
 1.42799
  1.1014
 1.43693
 1.36627
   1.116
  1.8831
 2.07993
 1.25785
 3.22966
 2.02996
 1.08086
 2.90471
 2.26621
  1.8504
 2.09194
 4.90928
 2.81618
 2.21747
 1.58213
 1.50159
 1.39662
 2.91912
 1.62079
 7.29097
 3.77763
 3.91596
  1.5274
 1.56095
 1.12036
 1.20307
  2.1076
 1.45854
 1.55786
 7.02405
  1.6419
 1.21721
 2.79903
 1.81384
 2.37723
 2.24242
 1.06735
 3.13346
 2.51901
 1.94915
 1.84048
 2.01631
 1.72314
 4.44644
 2.10327
 1.98915
 1.47104
 1.75809
 3.76612
  1.5343
 1.10465
 3.20354
 7.87622
 5.36125
 2.04894
 1.33191
 1.05955
 1.01821
  3.5039
 1.43935
 2.06971
 1.83747
 1.95466
 1.44952
 3.75044
 2.02965
 1.38628
 2.21474
 2.30989
  1.1667
  11.135
 13.4961
 1.83448
 1.69981
 2.37486
 3.27312
 1.52988
  1.4325
 1.19529
 1.60424
 3.36162
 2.39459
 1.00996
 1.14959
 3.19803
 2.01766
 2.20689
 2.26939
 1.98683
 4.47512
 2.97028
 1.76989
 2.76539
 1.32585
 1.90751
 1.62725
 1.82046
 1.63086
 1.61634
 2.01806
 2.73155
 1.25325
 1.14133
 1.86853
 1.37332
 1.23724
 1.60193
 2.36205
 1.44619
 1.57942
 2.30764
 1.57285
 18.9505
 1.27895
 1.08024
 2.79123
 1.17357
 1.45554
 1.73766
 1.44718
 3.54599
 1.46723
  1.8012
 2.16703
 8.37546
 2.31139
 5.47381
 1.49538
 2.19216
 2.11067
 1.72622
 2.48413
  1.7656
 1.94753
 1.31329
 2.56169
 2.98732
 1.92941
 1.93212
  2.6518
 3.61788
 1.40223
  1.3907
  2.0201
 20.2417
 2.42583
 2.00068
 3.12965
 1.77402
 3.20296
 2.25513
 1.62417
 2.82618
 2.94321
 1.80999
 1.28035
 1.66403
 2.58554
 1.81034
 1.36092
  1.6647
 1.81109
 22.2034
 1.23543
 1.16582
 1.43996
 1.69546
 2.90628
 1.76798
 1.81819
 4.66368
 3.94141
 1.73108
 2.89329
 1.57495
 2.18978
 1.32115
 1.77319
 1.22335
 1.25232
 1.12752
 1.32121
 1.88749
 1.12212
 2.24209
 1.35346
 1.99608
 1.23309
 1.54269
 1.90067
 4.98174
 2.02719
 2.00242
 1.35933
 1.54513
 1.24125
 2.40311
 1.94386
 2.05794
 1.53224
 2.62588
0.994332
 3.32131
 1.73613
 1.49404
  4.7156
 8.32714
 3.49187
 2.65291
 2.95505
 2.13346
 1.25404
 1.50417
  4.9267
  2.5974
 5.09788
  2.9353
 4.81937
 1.38023
 1.91908
 2.06188
 8.37665
 3.27353
 2.06591
 2.24047
 1.16836
 1.25336
 1.29613
 3.88334
 2.51055
 3.46258
 1.12532
 2.24981
 2.69783
 1.12804
   1.198
 1.52148
 2.80879
 4.51184
 1.44528
 2.02182
 1.32696
 2.81961
 1.83081
 1.03867
 1.38439
 3.35078
 2.17593
 1.74025
 1.48246
 1.97298
 1.04288
 3.46634
 1.47834
 1.22426
 1.72071
 7.70298
  1.9102
 2.29937
 1.22435
 3.84213
 1.21337
 1.55256
 4.69886
 3.90701
 1.42747
 1.63675
 1.39502
 3.01813
 1.21166
 2.72039
 1.57151
 1.45428
 1.39719
  1.5774
 1.02281
 1.62313
 1.71346
 1.86454
 1.80119
 1.36786
 1.21013
 1.94947
 1.71552
 1.66086
 1.36591
 1.83383
 3.13945
 2.05175
 2.07391
 2.41689
 1.21174
 1.29792
  1.4177
  1.5438
 1.24777
 1.96597
 2.25596
 1.30834
 2.26042
 1.36745
  2.4866
 1.25612
 1.60466
 1.40057
 10.1553
 32.3647
 1.49381
 1.70631
 1.43484
 1.20531
 1.13972
 1.70919
 1.47498
 1.77564
 1.66552
 1.15371
 1.51659
 1.27796
 1.03144
 1.58494
 1.15987
 1.44138
 1.97775
 2.05494
 2.00635
  1.3483
 1.71042
 1.82212
 3.52422
 1.48585
 1.41959
 2.38951
  1.6359
 1.40709
 1.88549
 1.38294
 1.43442
 1.26501
 1.62023
 2.89044
 1.48059
 1.06875
 2.15099
 3.93066
 1.30174
 2.56524
 2.72553
 2.50167
 1.46061
 2.80172
 1.78421
 1.09242
 1.80728
 2.16014
 1.38029
  1.8152
 1.25569
 1.68685
 2.10384
 1.43126
 2.52935
 1.67738
 1.35621
 1.58733
  15.039
 1.46907
 2.83093
    1.64
 1.47148
 1.42285
 1.77502
  2.0763
 1.30579
 1.77015
 2.26204
 1.98045
 1.15038
 1.91617
 1.79846
 1.69629
  1.9239
 1.66417
 1.64171
 1.27243
 1.41824
 1.62278
 1.40982
 1.39721
 2.18545
 1.39682
 4.13437
 1.30136
 2.28486
 2.08311
 1.97936
 1.83412
 1.70183
  1.9515
 5.91774
 2.67917
 1.39325
 2.19788
 5.74343
 1.25741
 1.73694
  1.6598
 2.82218
 1.97564
 1.24252
 2.04135
 1.65621
0.980762
 2.44446
 1.49972
  2.4605
 1.25717
 1.84271
 2.15371
 6.43322
 2.41021
 2.03072
 1.39839
 1.28767
 1.66004
 1.36051
 1.32825
 1.52478
 2.17654
 3.04517
 1.61609
 2.12131
 1.47297
 1.95087
 20.5093
 1.58278
 1.81795
 1.83899
 2.38538
 2.02463
 2.05022
 1.02286
 1.21461
 2.04201
 1.28942
  1.1699
 1.19543
 5.05222
 4.84883
 1.63151
 1.24735
 2.33044
 1.50684
 1.45454
 2.06054
 1.34051
  1.5181
 1.53752
 1.32064
 1.37831
 1.57574
 1.67941
 2.01023
 1.51524
 2.39518
 1.66883
 1.55858
  2.4303
 2.33356
 1.19419
 1.49292
 1.20313
 2.28736
 1.96483
  1.0597
 1.21066
   1.529
 1.14799
   2.638
 1.45876
 2.77846
 1.55552
 1.83249
 2.03443
 1.79844
 1.09579
 1.73616
  5.5834
 1.38956
 2.15023
 1.38675
 3.10256
 1.92482
 1.42052
 1.03713
 5.10803
 1.29539
 1.65817
 1.98092
 1.60101
 1.37041
 1.94214
 9.43668
 1.20446
 1.71145
 1.66488
 1.42601
 1.48085
 1.91971
 1.22524
 3.97771
 2.97884
 1.27331
 1.48204
 1.11442
 2.94364
 1.15855
 1.54756
 1.24606
 2.01607
 1.74985
 1.15815
 1.26957
 1.86283
 1.42843
 1.11503
 1.94285
 1.19034
 1.22785
 3.60304
 1.78292
 1.50561
 2.60036
 2.25233
 2.70721
 2.06086
  2.6487
 1.57846
 2.30835
 1.38942
  1.5461
 2.08889
 1.14502
 2.13538
 1.55987
 2.27936
 1.91546
  1.2949
 1.60236
 8.48365
 1.92455
 1.54196
  1.3572
 2.95122
 1.36339
 1.56904
 1.77238
 2.96142
 1.65969
 1.34018
 2.72979
 1.15557
 1.32834
 1.48884
 2.05229
 1.79217
 3.23564
 1.17966
 2.41411
 1.77928
 1.15335
 1.27869
 1.98692
 2.43802
 1.70483
 1.06943
 1.06753
 1.45442
 2.98724
 2.17082
 1.21837
 1.33922
 1.53981
 2.05484
 1.48881
 2.36135
   1.031
  1.7505
 1.59059
 1.99568
 2.43928
 1.38093
 3.17758
 1.07595
 8.36511
 8.97412
 1.63695
 1.75033
 1.47818
 1.42912
 2.08703
 1.24846
 3.84881
 1.43004
 1.24054
 1.57463
 2.78206
 4.25185
 2.95239
 1.53389
 2.92319
  1.1207
 2.34546
 2.10292
 1.50077
 1.54931
 2.37949
 1.94988
  1.7208
 1.40419
  2.1579
 3.68463
 1.52193
 1.83445
 1.57132
  1.8012
 1.63085
 3.22083
 1.50507
 3.01792
 2.54756
 2.00855
 29.9161
 1.36144
  1.5134
 4.03263
 1.88025
 1.65679
 1.62569
 1.28594
 1.61108
 1.63193
 1.82425
  1.3039
 1.98766
 1.46959
 2.34418
 1.53493
 1.80038
 1.29726
 1.34179
 1.80701
 1.84991
 1.35376
 1.39946
 1.34076
 2.10258
 1.59016
 1.98125
 4.62173
  1.1872
 1.57006
 1.73185
 3.29232
 2.19234
 4.20173
  1.7462
 3.16043
 2.86477
 1.80387
 1.60852
 2.01867
  2.1714
 2.45965
 2.25327
  1.2672
 1.55031
 1.79328
  1.8156
 1.93821
 2.01618
 1.42845
 1.56092
 1.94898
  2.0679
 1.38392
 1.05294
 1.43689
 1.51344
 2.14353
 1.34751
 2.27389
 1.72564
 1.18019
 3.44373
 1.52796
 1.63124
 1.93572
 2.53294
 1.66446
 4.90971
 1.01554
 2.14799
  1.5511
 1.16828
 2.01805
 5.28141
 1.37816
 1.13542
 1.33038
 1.28898
 1.40593
 2.40778
 1.47551
 2.91242
 1.50597
 1.87272
 1.51514
 1.82562
   1.426
 1.34096
 2.27882
 1.29156
 1.64901
 1.95978
 1.79775
 2.18053
   2.828
 1.55032
 2.26854
 2.16337
 2.39858
 2.52018
 1.41942
 1.33292
 3.72802
 1.16706
 16.0213
 1.70286
   1.111
 2.48331
 1.03304
 1.42354
 2.60769
 1.32531
 1.75131
 1.80964
  1.4343
 2.20405
 1.43794
 1.38614
 1.19329
 3.41792
 1.67364
 1.80871
 1.22773
 1.85993
 1.12993
 1.86631
 1.77023
 3.00984
 1.41727
 2.54049
 1.76097
 3.86097
 1.80003
 1.29037
 2.58122
  1.3305
 1.09682
  1.4635
  2.4172
 2.51372
 1.56571
  1.6982
 3.50462
 1.32003
 5.74276
 1.19513
 1.59384
  1.4898
 2.05952
 1.20559
 1.51635
 1.89161
 1.12196
 1.45614
 3.99714
 5.61789
 1.06135
 1.39793
 1.73136
 2.45664
 1.25342
 2.66231
 2.16523
 1.28141
 1.37835
 13.0973
 1.83687
    2.32
 1.22118
  1.3242
 2.17359
 1.35657
  2.6294
 1.56648
 2.08176
 1.58802
 1.11697
 1.10873
 1.87128
 1.53194
 2.73161
 2.00466
 1.36502
 3.43886
 1.57567
 1.16074
 3.39089
 1.55034
  1.5047
 2.02297
 1.99493
 1.68942
  2.4375
 23.9113
 1.19833
 1.31869
 1.97813
 1.40422
 5.88263
 1.94665
 1.44372
 1.48295
 1.34846
 2.33273
 1.66243
 1.17241
 1.97722
 10.6045
 1.36233
 1.14333
 1.74948
 1.32069
 1.09446
 1.38763
 1.77726
 1.15875
 1.22599
 2.01533
 1.71404
 4.09042
 1.63902
 2.83944
 1.35372
 2.94815
 1.83325
 1.30235
 1.03526
 3.44609
 1.30336
 1.04746
 1.32994
 1.45602
 2.09531
 2.39155
 1.71143
 2.35696
 1.52621
 2.84974
 5.84555
 1.99456
 2.30195
 1.41361
 2.07008
 3.65667
 2.80967
 1.07056
 1.46784
 15.7832
 1.45517
  1.4787
  1.6666
 1.55599
 2.41271
  1.3899
 2.04524
 17.1609
 2.73138
 1.52591
 2.49196
 3.01656
 4.58752
 3.20686
 1.25242
 4.65451
 1.21063
 1.67046
 2.14618
  1.7181
 1.86944
 1.39917
 1.38147
 1.25734
 1.60063
 1.39233
   2.136
  1.9226
 1.90464
 1.57607
 6.76607
 2.40073
 3.75662
 1.46568
 2.35688
 2.22875
 2.97833
 1.39314
 2.73874
 2.43745
 1.44578
 1.77784
 1.91088
 2.53291
 1.14668
 1.67765
 1.50226
